41
22
37
35
42
31
30
40
60
62
70
65
76
84
85
93
95
78
65
79
80
61
45
48
59
43
29
23
30
25
24
23
13
22
15
20
16
11
22
13
14
14
18
10
13
8
11
4
11
16
7
4
11
3
11
9
8
5
12
7
8
9
7
13
13
16
11
14
8
9
7
9
11
10
15
24
14
22
26
23
19
28
36
34
29
40
24
30
37
45
51
48
50
56
63
67
74
78
80
75
94
101
97
114
104
118
103
134
144
146
174
226
225
241
257
237
288
313
349
407
399
406
451
478
470
516
554
528
541
598
597
566
605
591
578
550
555
564
554
523
502
509
443
434
436
421
408
391
356
355
347
336
317
273
281
318
252
274
245
235
250
215
205
221
206
196
197
183
214
153
163
164
172
153
161
185
134
164
161
134
150
157
137
159
127
147
160
145
138
147
144
144
162
140
144
148
135
152
142
159
126
149
137
153
141
148
148
166
131
145
136
161
144
126
171
141
153
137
152
136
124
134
160
156
135
166
137
152
154
137
154
176
133
155
149
158
139
132
152
163
162
142
163
141
143
151
173
147
152
166
154
170
167
155
165
168
169
169
145
149
153
154
180
178
154
194
172
191
153
149
149
152
154
167
176
157
139
154
150
154
154
165
160
154
169
155
175
165
156
163
151
163
165
158
146
140
152
164
206
142
149
172
162
156
161
163
188
174
183
167
161
166
171
182
170
165
160
205
174
189
141
186
154
169
172
156
184
155
170
167
162
172
175
186
171
189
155
185
192
180
156
166
145
165
174
177
175
179
184
180
195
153
199
166
182
159
190
191
192
178
163
198
185
192
175
191
156
191
190
189
169
178
197
198
206
205
190
208
182
181
198
180
187
194
192
163
187
208
175
205
167
205
196
168
199
187
192
212
188
174
174
193
197
198
205
191
194
204
174
212
182
224
203
209
194
191
204
178
189
185
201
208
200
228
226
189
198
214
214
201
216
197
182
216
199
213
201
186
200
209
201
191
215
208
226
179
226
200
214
205
207
212
203
202
205
218
190
200
210
209
205
207
214
209
190
216
220
216
223
202
203
186
245
208
243
183
231
223
237
231
203
211
217
212
223
205
227
231
244
200
219
212
242
231
199
219
212
222
202
199
197
225
258
168
233
204
222
227
208
213
237
230
210
223
204
199
243
211
212
235
228
234
218
232
223
211
219
240
247
232
259
219
225
230
238
239
233
244
248
230
243
249
238
249
253
226
247
264
249
248
249
277
252
252
277
252
239
268
282
275
278
281
293
257
266
237
247
277
285
284
287
287
306
275
277
269
288
291
272
273
286
275
292
285
282
322
325
301
302
308
313
306
305
318
329
346
328
332
304
317
324
350
322
313
325
347
345
333
304
357
303
310
312
327
312
300
331
324
348
301
318
342
335
329
343
311
329
332
329
337
332
310
324
343
326
307
354
317
343
337
285
341
313
299
302
351
327
304
346
295
327
339
303
319
307
288
303
273
305
304
301
315
294
288
303
303
271
307
330
303
318
287
285
280
295
277
321
296
307
265
273
295
262
290
279
263
268
304
296
280
278
275
257
276
274
282
255
297
298
275
295
251
252
263
279
266
240
243
268
260
279
257
258
283
240
233
244
257
242
269
249
254
244
230
248
230
270
266
257
248
235
237
217
255
243
237
234
252
221
230
237
259
262
243
236
250
227
273
236
240
248
236
248
243
248
227
216
208
216
239
213
242
199
226
259
234
216
228
202
201
215
245
218
241
202
203
241
230
230
214
212
208
196
203
233
197
201
204
179
179
204
192
206
201
196
225
197
223
211
213
206
219
201
204
202
188
210
187
212
182
187
204
191
200
208
187
219
197
220
199
211
192
201
206
207
205
201
188
196
201
177
204
209
190
202
216
188
180
186
177
185
202
208
210
181
196
196
227
205
187
202
187
197
214
187
188
179
191
194
210
192
199
190
200
192
208
202
193
203
170
179
178
206
193
197
194
174
201
174
190
177
178
202
172
189
196
188
171
186
196
166
186
192
177
181
156
173
192
165
185
176
170
176
190
166
181
188
169
180
176
187
166
195
185
178
179
173
193
175
184
181
179
185
167
201
200
161
183
172
173
173
188
165
179
182
176
161
168
183
186
174
177
178
133
199
173
172
147
170
177
183
151
186
170
174
159
176
206
177
159
177
167
174
164
187
157
196
178
172
174
176
206
174
170
171
173
168
163
157
157
208
159
144
175
168
171
198
177
154
170
182
174
184
176
158
161
146
160
172
193
176
163
155
163
162
177
172
172
158
159
152
155
174
214
168
202
176
164
167
174
145
178
185
160
154
139
164
174
167
191
160
173
161
155
166
182
149
161
172
156
167
162
147
175
159
188
160
157
166
130
148
178
202
161
186
154
171
165
163
179
157
146
155
167
152
183
169
189
156
165
173
166
154
165
165
176
167
152
149
165
151
181
168
148
180
163
176
173
144
177
143
151
174
135
178
153
169
173
179
165
149
173
160
163
168
181
154
167
150
162
163
171
155
173
147
151
185
166
159
167
166
186
162
176
172
185
159
156
158
180
159
158
171
171
170
183
147
146
148
176
170
189
151
174
150
156
147
168
168
137
151
180
153
176
170
143
168
172
154
167
164
154
175
173
163
175
184
182
189
154
164
166
146
169
162
146
182
176
168
158
161
169
172
154
173
185
177
169
183
151
150
163
171
185
169
153
160
154
168
161
149
166
160
138
167
199
156
183
155
165
154
170
156
159
149
168
149
175
153
152
169
140
161
138
170
143
156
172
182
147
152
147
151
155
175
147
147
141
163
121
162
160
181
160
140
170
146
160
145
150
150
160
163
166
135
146
169
136
148
132
128
162
145
122
152
146
141
147
157
160
122
141
142
159
137
141
155
124
157
135
119
137
134
128
125
115
141
143
130
136
106
127
142
138
142
107
137
123
140
124
118
123
129
132
137
128
134
119
101
105
127
106
106
122
123
99
99
95
117
107
125
110
117
108
115
100
113
113
112
94
106
105
89
96
104
96
106
91
106
99
81
70
80
92
81
82
92
98
93
78
88
83
84
89
100
82
90
80
68
80
70
82
88
84
80
73
60
74
75
63
64
69
75
71
62
72
57
55
64
60
71
58
64
59
67
57
78
81
58
66
59
58
55
66
57
61
48
63
65
59
52
59
54
60
55
41
50
54
62
44
57
57
45
49
57
41
59
42
42
55
52
45
57
40
51
54
52
57
50
46
60
49
45
37
49
42
66
43
45
58
45
49
45
41
45
36
45
39
50
47
50
54
44
38
45
38
43
32
36
45
40
44
49
41
42
53
29
25
41
45
39
33
44
40
31
44
39
31
43
39
41
33
34
28
38
33
35
34
35
45
31
39
36
38
36
27
39
34
36
23
38
32
35
34
31
38
36
34
38
42
39
42
33
38
37
42
46
25
30
40
25
33
36
42
30
40
36
29
41
38
36
34
28
27
21
33
36
33
41
38
41
28
38
31
37
32
32
32
23
34
37
31
46
34
29
35
28
33
31
32
29
41
29
27
36
33
37
37
43
39
32
27
43
46
31
29
39
28
46
40
46
37
30
39
44
33
39
42
43
46
45
47
42
42
45
46
40
43
42
47
47
48
37
57
54
43
46
58
56
53
40
50
51
49
52
52
63
50
72
69
61
60
72
51
84
66
64
62
72
76
72
86
84
79
83
79
70
86
87
96
92
98
99
95
99
112
114
91
98
93
118
121
111
113
137
128
113
122
162
140
148
150
164
151
156
162
178
191
199
196
196
208
199
228
219
256
237
212
230
223
294
255
271
268
288
278
288
304
306
322
319
345
376
331
363
368
366
378
413
403
389
376
426
431
458
445
433
478
485
479
509
483
537
492
561
566
566
565
622
642
637
586
653
665
715
689
672
663
674
742
769
813
751
736
828
788
791
762
820
853
833
861
879
896
896
857
897
897
946
892
946
962
998
992
978
964
964
1018
1034
974
1097
1028
1006
1081
1062
1063
1087
1079
1097
1135
1051
1107
1107
1074
1111
1091
1129
1085
1166
1182
1071
1140
1106
1164
1119
1190
1114
1110
1147
1140
1105
1032
1092
1087
1082
1118
1081
1095
1076
1059
1105
1103
1124
1013
1070
1015
1039
1046
991
1035
1061
980
955
943
940
1004
1007
926
913
991
911
875
889
892
838
901
866
869
821
780
804
749
750
741
742
738
719
720
660
712
686
693
650
721
641
638
592
562
571
569
592
578
564
537
541
518
493
473
487
443
437
444
429
423
369
370
338
360
317
357
348
339
304
301
303
288
306
288
261
244
250
248
220
222
223
202
196
193
179
194
181
180
151
155
156
140
153
144
140
133
128
124
123
99
92
123
90
95
82
86
79
75
74
72
70
68
74
48
72
44
55
53
57
46
45
39
40
44
35
34
30
30
34
31
25
24
24
18
20
18
26
19
20
16
17
14
13
17
16
15
11
12
10
14
14
11
15
9
7
9
12
7
14
12
4
6
9
5
3
10
6
3
5
4
5
5
2
2
9
3
6
4
0
3
4
2
3
4
4
1
2
4
5
2
3
2
2
1
2
4
4
5
3
7
2
2
2
3
1
3
5
0
3
6
3
2
3
2
2
1
0
0
3
1
1
2
4
1
1
1
3
1
1
5
2
2
1
5
4
4
2
1
1
0
1
4
2
2
0
3
0
2
2
2
0
1
4
2
5
0
1
1
1
2
2
0
1
1
1
1
0
1
0
1
1
1
1
1
3
2
0
2
1
4
1
3
2
5
0
1
3
0
1
1
2
2
2
1
1
1
3
0
0
0
1
4
1
1
2
1
0
0
2
1
1
0
3
4
2
3
2
1
0
1
2
2
0
0
0
0
1
1
1
3
3
2
4
3
2
2
1
0
0
1
2
0
1
2
2
0
1
1
0
5
1
4
2
2
1
2
3
1
0
1
2
2
1
3
2
2
0
1
2
2
4
0
2
5
2
0
2
2
2
3
1
3
2
1
1
0
1
2
4
1
2
0
1
1
2
2
1
0
3
5
0
1
2
2
1
2
1
3
2
1
1
3
2
0
1
0
1
2
1
0
1
4
1
1
1
0
1
5
2
3
1
1
4
1
3
0
2
2
2
3
0
1
4
1
0
0
2
1
0
2
0
0
2
1
3
1
0
0
1
3
2
0
3
1
2
4
1
0
0
1
0
1
1
7
1
0
0
2
1
4
2
2
3
0
3
0
3
0
4
0
1
0
3
4
3
2
1
2
4
3
6
1
1
2
2
1
0
1
2
1
3
2
1
1
1
4
1
2
0
2
2
3
2
2
0
1
0
1
2
0
1
0
1
0
3
1
0
0
1
1
2
2
5
1
1
5
1
2
1
1
2
1
1
1
3
4
2
1
0
1
3
2
1
0
1
0
4
1
4
2
3
0
2
0
2
1
2
2
2
1
0
1
1
0
6
1
1
0
2
0
2
1
2
1
2
5
0
1
2
1
2
3
1
2
0
0
2
2
0
2
0
1
1
0
2
3
0
0
2
0
0
4
4
1
0
1
1
0
1
0
1
2
0
1
2
0
1
2
4
1
3
1
1
0
1
2
1
1
4
3
2
1
1
0
2
2
0
2
0
0
1
2
0
1
0
0
0
0
0
3
3
0
0
2
1
0
3
1
2
3
1
2
1
2
2
0
1
2
1
0
2
1
0
3
0
3
2
2
1
0
2
0
3
2
0
0
3
3
1
1
1
5
1
3
0
1
0
2
0
0
2
0
1
2
1
2
0
0
1
1
0
0
1
2
1
2
1
2
0
1
0
3
3
3
0
2
3
3
0
2
1
1
0
1
3
0
0
1
0
1
0
2
0
4
0
0
2
1
1
0
2
0
1
0
1
0
1
3
3
1
1
0
0
1
2
2
0
1
0
3
0
0
0
3
1
1
0
3
0
1
1
1
1
1
0
1
3
1
0
2
4
1
0
1
1
0
1
0
2
0
1
2
3
1
0
0
1
0
1
2
0
1
1
0
1
1
2
1
2
1
2
1
0
3
0
1
2
0
3
1
0
1
0
1
2
1
0
1
0
5
0
1
1
1
1
1
2
2
1
0
1
0
1
0
0
0
2
1
0
1
2
1
1
0
0
1
3
1
3
1
0
0
1
1
0
0
1
1
1
2
3
0
1
0
1
1
2
0
1
0
2
2
2
1
0
2
0
0
5
1
3
0
0
2
2
0
0
1
0
2
0
2
4
0
1
0
3
2
0
0
0
1
1
1
1
2
4
0
1
1
0
1
0
0
0
1
2
1
1
0
0
0
1
2
2
0
3
2
1
1
2
1
2
1
0
1
0
0
1
1
0
3
0
1
1
0
2
1
1
0
2
4
0
0
2
2
0
2
1
0
1
1
1
0
1
1
1
0
0
1
1
0
2
0
1
1
0
1
3
3
1
1
0
1
1
0
1
2
0
2
2
1
1
2
1
1
0
0
0
0
0
3
1
1
2
0
1
0
0
0
1
0
0
1
0
0
1
1
1
1
1
0
1
2
1
0
0
0
0
2
1
2
0
1
0
1
1
3
0
2
1
1
0
0
1
1
2
0
1
0
0
0
0
2
1
1
1
1
0
0
1
0
0
4
2
0
0
0
3
0
0
1
0
4
1
1
2
0
1
0
0
3
0
1
1
0
1
1
0
3
0
0
0
0
2
0
1
2
0
1
0
0
2
2
0
0
0
0
2
1
0
1
3
0
1
1
1
1
1
3
1
0
0
1
3
1
0
1
1
0
3
0
0
1
0
0
1
1
2
1
2
1
0
0
0
2
2
0
1
2
0
3
2
1
2
1
0
0
0
2
0
1
0
1
1
0
0
1
0
1
0
2
2
0
1
1
2
0
0
0
0
3
0
0
1
0
2
2
0
2
0
2
0
1
2
2
2
0
2
0
1
0
1
1
1
1
0
0
0
0
0
1
1
1
0
2
1
2
0
0
0
0
1
1
2
1
1
0
1
1
1
1
0
0
2
2
1
1
0
1
2
0
0
1
2
0
1
1
1
2
1
0
1
0
2
0
1
2
1
0
0
1
2
1
1
0
0
1
1
0
2
0
0
1
1
1
0
1
1
1
1
1
4
0
1
0
0
2
0
0
1
0
2
0
1
3
0
0
1
0
0
1
0
0
2
1
0
0
0
0
1
1
0
2
2
1
0
1
0
1
0
0
1
0
2
0
0
3
0
0
1
2
0
0
0
1
0
0
0
1
0
1
0
1
0
2
0
0
1
0
2
0
0
1
1
1
2
1
0
0
0
0
3
3
1
1
2
3
0
0
0
0
1
1
1
2
0
1
4
1
1
1
0
1
0
0
1
0
1
0
2
3
1
0
0
1
0
1
0
3
1
2
1
1
1
0
2
1
1
1
1
1
1
1
1
0
1
1
2
2
2
0
1
3
3
0
1
1
1
2
1
1
1
0
0
0
2
2
1
3
2
1
2
3
1
2
3
1
3
0
1
1
0
1
1
1
1
1
3
1
1
2
3
1
2
2
0
0
2
2
2
2
1
1
1
3
3
3
2
1
1
2
4
1
0
2
1
1
1
3
2
2
3
0
1
2
3
1
4
2
1
3
2
1
0
1
2
1
2
2
0
3
1
3
2
2
2
2
3
2
0
2
1
0
0
2
3
0
1
0
1
3
6
3
1
3
3
4
0
3
1
2
2
1
1
0
1
3
1
1
1
2
0
0
1
2
2
1
1
2
3
1
2
2
3
1
1
2
1
1
1
0
0
0
2
2
1
1
1
0
1
0
1
2
0
1
0
0
1
1
1
1
1
1
1
0
0
1
0
0
0
1
3
2
2
3
1
1
1
1
1
1
2
0
1
0
1
2
1
1
0
0
1
1
1
0
0
0
2
0
0
0
2
0
0
0
0
2
1
0
1
1
1
0
0
0
1
0
0
1
0
1
0
0
2
0
1
0
0
0
0
0
0
1
0
0
0
0
0
0
0
0
0
0
1
1
0
0
0
0
1
0
0
0
0
0
0
1
1
1
0
0
0
0
1
0
0
1
1
0
0
0
0
0
0
0
0
0
2
0
1
0
0
0
0
0
0
1
0
0
0
0
0
0
0
0
0
0
1
0
1
0
0
0
0
0
1
1
0
0
0
0
1
0
0
0
0
0
0
0
0
0
1
1
0
1
0
0
0
0
1
0
0
0
0
0
1
0
0
0
0
0
0
0
0
0
0
0
1
0
0
0
1
0
0
1
0
0
0
0
0
1
0
0
1
1
0
0
0
1
1
0
1
0
1
0
0
1
1
0
0
0
0
0
0
0
0
0
0
0
0
0
1
0
0
0
0
0
1
0
0
0
1
0
0
0
0
1
0
0
0
0
0
0
0
0
0
0
0
1
0
0
0
0
0
1
0
0
0
0
0
0
1
0
1
0
0
0
0
0
0
0
0
0
0
1
0
0
0
0
0
1
0
0
0
1
1
1
0
0
0
0
0
0
0
1
0
1
0
0
0
0
0
0
0
0
0
0
1
1
1
0
1
1
0
0
1
0
0
0
0
0
0
1
0
0
1
0
0
0
0
0
1
0
0
0
0
1
0
0
0
0
0
1
0
0
0
0
0
0
0
0
0
0
0
0
1
0
0
0
0
0
0
0
0
1
0
0
0
0
0
1
0
0
1
0
0
0
1
0
0
0
2
0
0
1
0
1
0
1
0
1
0
1
0
1
0
0
0
0
0
0
0
0
0
1
0
0
0
1
1
0
0
0
0
1
1
0
0
0
1
0
1
0
0
0
1
2
0
0
0
0
0
0
0
0
1
1
1
0
0
0
0
0
0
0
0
0
0
0
1
0
0
0
1
2
1
1
0
1
1
0
0
1
1
0
0
0
0
0
0
0
3
0
0
0
0
0
0
0
1
1
0
0
0
0
1
0
1
0
0
1
0
2
1
0
1
0
0
0
0
1
1
0
0
1
0
0
0
1
0
1
0
0
0
0
0
1
0
0
0
0
0
1
0
0
0
0
0
0
0
0
1
0
0
1
0
0
1
1
0
0
0
0
0
0
0
0
0
0
0
0
0
0
0
0
0
0
0
0
0
0
0
1
0
0
1
0
0
0
0
0
0
0
1
0
0
0
0
0
0
0
0
0
0
0
2
0
0
0
0
0
0
0
1
0
1
0
0
0
1
2
0
0
0
1
0
0
0
0
0
0
0
0
0
0
0
0
1
2
0
1
1
0
0
0
1
0
0
0
0
1
0
1
0
0
0
0
0
0
0
0
0
0
0
0
0
0
0
1
0
