$SPEC_ID:
No sample description was entered.
$SPEC_REM:
DET# 1
DETDESC# TL-101B-05 Easy-MCA-2k SN 11350423
AP# Maestro Version 7.01
$DATE_MEA:
04/04/2024 20:36:07
$MEAS_TIM:
299 300
$DATA:
0 2047
       0
       0
       0
       0
       0
       0
       0
       0
       0
       0
       0
       0
       0
       0
       0
       0
       0
       0
       0
       0
       0
       0
       0
       0
       0
       0
       0
       0
       0
       0
       0
       0
       0
       0
       0
       0
       0
       0
       0
       0
       0
       0
       0
       0
       0
       0
       0
       0
       0
       2
      60
      74
      80
      84
      79
      86
      76
      79
      64
      63
      82
      46
      51
      57
      37
      37
      26
      25
      21
      19
      10
       9
       8
       8
       9
       6
       3
       5
       2
       3
       5
      10
       3
       2
       5
       0
       3
       4
       1
       3
       2
       5
       2
       1
       2
       2
       1
       0
       2
       1
       0
       0
       1
       5
       2
       0
       1
       0
       1
       0
       2
       1
       0
       2
       0
       0
       1
       2
       1
       0
       3
       0
       1
       0
       0
       0
       0
       0
       1
       1
       0
       1
       2
       1
       0
       0
       0
       3
       0
       0
       1
       1
       1
       1
       0
       1
       0
       1
       0
       0
       1
       0
       2
       0
       0
       0
       1
       0
       0
       0
       0
       0
       0
       0
       0
       0
       2
       1
       0
       0
       0
       0
       1
       1
       1
       0
       1
       0
       0
       1
       0
       0
       0
       0
       0
       1
       0
       0
       1
       1
       0
       1
       0
       0
       0
       0
       0
       1
       1
       0
       2
       0
       0
       0
       2
       1
       0
       0
       1
       0
       0
       0
       0
       0
       2
       0
       0
       0
       0
       0
       1
       0
       0
       0
       1
       0
       0
       0
       1
       0
       0
       0
       0
       0
       0
       1
       1
       0
       1
       0
       0
       0
       0
       0
       1
       0
       1
       1
       0
       0
       0
       0
       1
       2
       1
       0
       0
       0
       1
       0
       1
       2
       0
       0
       0
       0
       0
       0
       0
       2
       0
       0
       1
       1
       1
       1
       0
       0
       0
       0
       1
       1
       0
       0
       0
       0
       0
       0
       1
       1
       0
       1
       0
       1
       0
       0
       0
       0
       0
       0
       0
       0
       0
       0
       0
       0
       0
       0
       0
       0
       0
       2
       1
       0
       1
       0
       0
       0
       0
       0
       0
       1
       0
       0
       1
       0
       0
       1
       0
       0
       4
       1
       1
       0
       0
       0
       0
       2
       1
       1
       1
       0
       0
       0
       0
       0
       0
       1
       2
       0
       0
       1
       0
       1
       0
       0
       0
       0
       2
       2
       4
       2
       0
       3
       2
       1
       1
       2
       4
       2
       0
       0
       1
       0
       1
       1
       3
       3
       1
       2
       5
       2
       0
       3
       2
       3
       1
       3
       2
       2
       0
       0
       1
       3
       1
       2
       4
       2
       3
       2
       2
       4
       1
       3
       2
       4
       3
       2
       4
       3
       2
       1
       2
       1
       2
       2
       6
       3
       0
       3
       2
       1
       4
       3
       1
       5
       1
       4
       4
       4
       0
       3
       1
       5
       0
       1
       2
       4
       0
       5
       1
       3
       2
       3
       3
       2
       3
       0
       1
       1
       2
       2
       1
       6
       3
       3
       5
       3
       4
       3
       1
       6
       3
       5
       3
       3
       2
       1
       1
       1
       2
       0
       2
       1
       5
       0
       4
       1
       1
       2
       1
       3
       3
       0
       3
       0
       2
       3
       1
       3
       2
       1
       5
       1
       2
       1
       2
       3
       4
       3
       1
       4
       0
       2
       1
       2
       1
       3
       2
       2
       4
       0
       6
       3
       1
       2
       2
       3
       5
       4
       3
       5
       3
       3
       2
       3
       3
       2
       1
       0
       1
       4
       3
       3
       1
       3
       3
       2
       2
       3
       1
       1
       4
       3
       1
       2
       0
       4
       1
       1
       1
       3
       6
       1
       1
       3
       1
       0
       7
       4
       1
       1
       3
       2
       1
       0
       1
       0
       4
       3
       4
       8
       2
       6
       3
       1
       2
       5
       0
       2
       1
       1
       4
       1
       4
       3
       0
       1
       2
       2
       1
       1
       1
       4
       4
       2
       1
       3
       2
       1
       1
       1
       3
       2
       2
       2
       2
       1
       0
       3
       2
       3
       4
       1
       4
       2
       3
       2
       3
       2
       4
       2
       1
       4
       3
       6
       5
       3
       4
       3
       2
       2
       3
       4
       6
       2
       2
       4
       2
       2
       1
       4
       2
       1
       0
       4
       2
       2
       0
       1
       2
       1
       2
       1
       1
       2
       0
       4
       1
       2
       3
       1
       1
       0
       2
       3
       4
       4
       4
       2
       4
       2
       1
       2
       0
       3
       2
       5
       2
       1
       1
       2
       2
       3
       1
       2
       3
       1
       2
       0
       2
       3
       3
       3
       5
       3
       1
       0
       1
       2
       3
       1
       3
       1
       0
       2
       0
       3
       6
       0
       2
       1
       0
       2
       3
       2
       1
       1
       1
       3
       2
       3
       0
       0
       2
       1
       2
       3
       3
       2
       2
       1
       1
       4
       4
       4
       3
       5
       1
       1
       2
       0
       2
       0
       1
       3
       0
       1
       1
       2
       2
       1
       1
       2
       0
       1
       2
       4
       3
       3
       1
       4
       1
       1
       2
       2
       2
       1
       1
       1
       4
       4
       3
       2
       0
       1
       0
       2
       2
       2
       1
       5
       2
       2
       4
       2
       3
       1
       1
       1
       1
       1
       2
       2
       2
       1
       0
       1
       3
       2
       3
       2
       5
       0
       2
       0
       1
       3
       0
       2
       1
       3
       1
       0
       5
       2
       3
       3
       2
       4
       0
       1
       3
       0
       3
       4
       2
       0
       0
       3
       1
       2
       0
       2
       4
       1
       3
       0
       0
       2
       2
       0
       1
       2
       1
       3
       2
       1
       3
       2
       2
       0
       2
       5
       4
       1
       0
       3
       1
       3
       1
       0
       2
       1
       2
       0
       1
       3
       4
       3
       0
       0
       1
       5
       2
       2
       2
       5
       1
       2
       1
       2
       2
       0
       2
       1
       4
       2
       1
       1
       1
       0
       0
       2
       0
       1
       2
       4
       2
       2
       1
       2
       3
       2
       2
       1
       2
       1
       4
       2
       1
       2
       5
       1
       0
       2
       3
       2
       3
       2
       4
       1
       4
       2
       1
       0
       1
       1
       1
       3
       2
       2
       2
       1
       4
       3
       3
       2
       1
       5
       3
       3
       2
       1
       0
       0
       4
       5
       2
       1
       0
       2
       0
       1
       3
       3
       4
       1
       3
       0
       3
       2
       6
       5
       3
       3
       6
       1
       2
       3
       2
       3
       3
       4
       4
       4
       1
       2
       2
       1
       2
       2
       0
       5
       3
       3
       1
       2
       2
       4
       3
       4
       4
       1
       1
       3
       2
       3
       3
       1
       1
       2
       2
       1
       2
       0
       2
       1
       4
       1
       0
       4
       1
       4
       1
       0
       4
       2
       2
       3
       3
       2
       1
       2
       2
       3
       3
       3
       2
       1
       2
       1
       3
       6
       5
       0
       2
       2
       0
       1
       2
       3
       1
       1
       0
       3
       4
       0
       1
       2
       0
       2
       2
       3
       4
       3
       0
       2
       5
       4
       1
       4
       2
       1
       4
       3
       1
       2
       3
       4
       3
       1
       1
       2
       2
       1
       3
       1
       2
       2
       3
       1
       6
       1
       3
       1
       6
       3
       1
       2
       3
       0
       2
       4
       5
       2
       2
       5
       1
       2
       2
       1
       7
       1
       1
       4
       4
       3
       4
       4
       4
       0
       5
       1
       0
       1
       2
       1
       4
       1
       1
       1
       3
       4
       3
       3
       1
       1
       2
       1
       1
       2
       2
       4
       1
       4
       4
       2
       0
       1
       5
       3
       0
       4
       2
       2
       5
       2
       6
       3
       7
       1
       1
       2
       4
       6
       3
       5
       3
       7
       6
       4
       2
       1
       2
       3
       5
       2
       4
       4
       3
       3
       2
       1
       2
       2
       4
       2
       2
       5
       2
       4
       4
       8
       1
       6
       3
       1
       3
       3
       5
       3
       5
       5
       2
       1
       4
       1
       4
       5
       0
       2
       0
       2
       5
       3
       3
       6
       2
       0
       4
       4
       4
       5
       4
       5
       3
       3
       5
       0
       3
       3
       1
       4
       2
       5
       5
       0
       5
       3
       2
       3
       3
       2
       3
       1
       5
       4
       2
       3
       4
       4
       2
       4
       2
       4
       3
       1
       5
       3
       3
       2
       5
       4
       3
       6
       6
       2
       1
       3
       4
       5
       5
       5
       0
       7
       4
       2
       1
       5
       5
       5
       3
       7
       2
       7
       1
       4
       2
       2
       2
       3
       6
       4
       2
       2
       4
       4
       2
       1
       4
       7
       1
       4
       4
       4
       6
       3
       4
       4
       3
       2
       3
       5
       1
       2
       3
       7
       3
       0
       9
       3
       3
       7
       7
       5
       6
       3
       3
       4
       7
       5
       2
       3
       4
       4
       1
       6
       5
       6
       2
       8
       5
       5
       6
       2
       3
       4
       8
       4
       3
       6
       5
       5
       4
       3
       5
       7
       5
       4
       6
       6
       5
       1
       4
       3
      12
       6
       6
       3
       3
       7
       7
       6
       5
       9
       3
       4
       6
       3
       3
       3
       5
       6
       5
       3
      12
       5
       8
       8
      10
      10
       3
       7
       6
       8
       7
       7
       3
       6
       4
       7
       9
       5
       4
       3
       3
       7
       4
       5
       7
       5
      10
       6
       1
       5
       3
       5
       6
       5
       8
      11
       9
       9
       7
       6
      12
       5
      11
       4
       6
       2
       3
       4
       6
       7
       4
       6
       7
       7
       7
       7
       5
       7
       4
       5
       7
       6
       5
       7
       4
       6
       8
       8
       1
       3
       9
       4
      12
      10
       4
       3
      10
       6
       4
       9
      12
       3
       2
       7
       7
       4
      15
       5
       7
      13
      10
      12
       9
       8
      11
       5
       5
      16
      15
      12
       5
       9
       8
       7
      12
      17
       7
      13
      10
       9
      14
       7
      11
      14
      10
       3
      10
       7
      10
       6
      17
      10
      10
      14
      12
       8
       7
       4
      13
       6
      11
      11
      15
       4
       6
      10
       6
      10
      10
       8
       7
       3
       9
       8
       4
       9
       5
       4
      12
       9
      11
      12
       5
      11
       7
       9
       6
       5
      10
       6
       2
       6
       6
       3
       4
       4
       4
       7
       5
       4
       2
       0
       4
       0
       4
       1
       3
       4
       1
       1
       2
       1
       1
       1
       0
       0
       0
       0
       1
       1
       0
       1
       0
       0
       0
       0
       0
       0
       0
       0
       0
       0
       1
       0
       0
       0
       0
       0
       0
       0
       0
       0
       0
       0
       0
       0
       0
       0
       0
       0
       0
       0
       0
       0
       0
       0
       0
       0
       0
       0
       0
       0
       0
       0
       0
       0
       0
       0
       0
       0
       0
       0
       0
       0
       0
       0
       0
       0
       0
       0
       0
       0
       0
       0
       0
       0
       0
       0
       0
       0
       0
       0
       0
       0
       0
       0
       0
       0
       0
       0
       0
       0
       0
       0
       0
       0
       0
       0
       0
       0
       0
       0
       0
       0
       0
       0
       0
       0
       0
       0
       0
       0
       0
       0
       0
       0
       0
       0
       0
       0
       0
       0
       0
       0
       0
       0
       0
       0
       0
       0
       0
       0
       0
       0
       0
       0
       0
       0
       0
       0
       0
       0
       0
       0
       0
       0
       0
       0
       0
       0
       0
       0
       0
       0
       0
       0
       0
       0
       0
       0
       0
       0
       0
       0
       0
       0
       0
       0
       0
       0
       0
       0
       0
       0
       0
       0
       0
       0
       0
       0
       0
       0
       0
       0
       0
       0
       0
       0
       0
       0
       0
       0
       0
       0
       0
       0
       0
       0
       0
       0
       0
       0
       0
       0
       0
       0
       0
       0
       0
       0
       0
       0
       0
       0
       0
       0
       0
       0
       0
       0
       0
       0
       0
       0
       0
       0
       0
       0
       0
       0
       0
       0
       0
       0
       0
       0
       0
       0
       0
       0
       0
       0
       0
       0
       0
       0
       0
       0
       0
       0
       0
       0
       0
       0
       0
       0
       0
       0
       0
       0
       0
       0
       0
       0
       0
       0
       0
       0
       0
       0
       0
       0
       0
       0
       0
       0
       0
       0
       0
       0
       0
       0
       0
       0
       0
       0
       0
       0
       0
       0
       0
       0
       0
       0
       0
       0
       0
       0
       0
       0
       0
       0
       0
       0
       0
       0
       0
       0
       0
       0
       0
       0
       0
       0
       0
       0
       0
       0
       0
       0
       0
       0
       0
       0
       0
       0
       0
       0
       0
       0
       0
       0
       0
       0
       0
       0
       0
       0
       0
       0
       0
       0
       0
       0
       0
       0
       0
       0
       0
       0
       0
       0
       0
       0
       0
       0
       0
       0
       0
       0
       0
       0
       0
       0
       0
       0
       0
       0
       0
       0
       0
       0
       0
       0
       0
       0
       0
       0
       0
       0
       0
       0
       0
       0
       0
       0
       0
       0
       0
       0
       0
       0
       0
       0
       0
       0
       0
       0
       0
       0
       0
       0
       0
       0
       0
       0
       0
       0
       0
       0
       0
       0
       0
       0
       0
       0
       0
       0
       0
       0
       0
       0
       0
       0
       0
       0
       0
       0
       0
       0
       0
       0
       0
       0
       0
       0
       0
       0
       0
       0
       0
       0
       0
       0
       0
       0
       0
       0
       0
       0
       0
       0
       0
       0
       0
       0
       0
       0
       0
       0
       0
       0
       0
       0
       0
       0
       0
       0
       0
       0
       0
       0
       0
       0
       0
       0
       0
       0
       0
       0
       0
       0
       0
       0
       0
       0
       0
       0
       0
       0
       0
       0
$ROI:
0
$PRESETS:
Real Time
300
0
$ENER_FIT:
0.000000 0.000000
$MCA_CAL:
3
0.000000E+000 0.000000E+000 0.000000E+000 
$SHAPE_CAL:
3
0.000000E+000 0.000000E+000 0.000000E+000
