$SPEC_ID:
No sample description was entered.
$SPEC_REM:
DET# 1
DETDESC# TL-101B-05 Easy-MCA-2k SN 11350423
AP# Maestro Version 7.01
$DATE_MEA:
04/04/2024 20:29:48
$MEAS_TIM:
287 300
$DATA:
0 2047
       0
       0
       0
       0
       0
       0
       0
       0
       0
       0
       0
       0
       0
       0
       0
       0
       0
       0
       0
       0
       0
       0
       0
       0
       0
       0
       0
       0
       0
       0
       0
       0
       0
       0
       0
       0
       0
       0
       1
       0
       2
       0
       5
       3
       3
       3
       8
       8
      10
     840
   13872
   15468
   15775
   16555
   16861
   17233
   17436
   17737
   17517
   17058
   16473
   15674
   14582
   13056
   11259
    9674
    8150
    6631
    5403
    4274
    3335
    2566
    2065
    1650
    1281
    1135
     919
     771
     704
     646
     543
     545
     492
     500
     427
     407
     423
     407
     417
     351
     341
     325
     320
     305
     302
     290
     271
     281
     259
     241
     237
     227
     218
     194
     189
     206
     188
     159
     175
     169
     171
     148
     150
     141
     150
     142
     120
     131
     124
     154
     124
     138
     128
     126
     113
     105
     103
     112
     114
     118
     116
     100
     115
      86
     136
      96
     104
      81
      81
     113
     116
     105
     106
      95
      97
     100
     112
     104
      98
     110
      82
      99
      95
      99
      78
      79
     107
      85
      83
     104
      97
      99
      92
      70
      89
      90
      97
      80
      85
      81
      81
      78
      77
      89
      72
      93
      89
      82
      85
      80
      82
      66
      69
      90
     105
      78
      80
      84
      89
     102
      86
      82
      82
      84
      90
      66
      93
     109
      75
     101
      97
      85
      85
      85
      83
      83
      68
      68
      83
     100
      80
      89
      92
      93
      75
     100
      90
      85
      79
      81
      79
      99
      91
      77
      94
      92
      79
      86
      68
      79
      83
      74
      82
      79
      80
      73
      94
      87
      90
      86
      65
      85
      67
      84
      92
      92
      92
      78
      74
      67
      75
      95
      86
      73
      97
      76
      88
      90
      69
      90
      91
      82
      77
      80
      88
      78
      94
     103
      96
      71
      90
      69
      88
      85
      76
     102
      90
      83
      91
      91
      92
      90
      80
      92
      69
      81
      88
      80
      77
      90
      88
      81
      82
      79
     102
      93
      92
      73
      80
     102
      93
     119
      82
     100
     101
     115
     113
     103
      77
      78
     108
     117
     104
      87
     104
     108
     104
     121
     120
     109
     140
     131
     128
     146
     141
     166
     150
     142
     157
     152
     185
     176
     177
     185
     208
     209
     249
     241
     269
     273
     239
     269
     267
     289
     296
     277
     305
     345
     308
     312
     384
     314
     324
     312
     337
     342
     358
     361
     363
     402
     440
     424
     418
     431
     443
     413
     450
     458
     455
     432
     488
     520
     473
     569
     560
     590
     534
     514
     544
     559
     586
     601
     602
     651
     636
     594
     613
     644
     611
     619
     632
     616
     666
     636
     651
     621
     645
     622
     582
     681
     665
     674
     677
     658
     639
     626
     609
     566
     610
     632
     652
     594
     605
     591
     630
     576
     588
     607
     590
     643
     609
     642
     627
     606
     606
     593
     603
     641
     610
     606
     602
     640
     598
     657
     672
     588
     595
     641
     611
     613
     602
     576
     608
     618
     642
     594
     595
     624
     652
     595
     620
     597
     609
     587
     620
     593
     591
     604
     598
     616
     601
     650
     600
     589
     613
     610
     618
     563
     602
     597
     576
     586
     587
     628
     558
     614
     614
     589
     607
     625
     567
     627
     604
     613
     596
     620
     585
     569
     614
     600
     648
     589
     583
     603
     628
     623
     614
     599
     594
     593
     588
     606
     554
     595
     590
     553
     596
     613
     602
     565
     587
     585
     584
     558
     613
     594
     566
     598
     589
     606
     570
     581
     587
     548
     596
     569
     541
     545
     611
     559
     594
     557
     600
     567
     588
     555
     540
     584
     544
     586
     602
     568
     589
     598
     527
     561
     594
     583
     565
     548
     606
     587
     567
     620
     583
     560
     590
     556
     517
     554
     569
     559
     622
     524
     514
     594
     557
     545
     600
     550
     559
     578
     566
     566
     578
     575
     566
     576
     539
     582
     555
     549
     591
     550
     614
     572
     530
     577
     601
     570
     565
     548
     567
     557
     558
     556
     561
     588
     544
     534
     518
     567
     490
     580
     567
     603
     568
     560
     542
     555
     574
     568
     545
     542
     591
     525
     503
     549
     549
     548
     537
     550
     522
     576
     572
     538
     592
     530
     534
     504
     507
     572
     533
     556
     528
     511
     529
     536
     526
     511
     510
     541
     584
     538
     510
     479
     509
     503
     529
     542
     513
     511
     539
     537
     539
     521
     581
     529
     508
     563
     545
     521
     489
     512
     498
     501
     492
     513
     528
     546
     479
     512
     510
     556
     509
     479
     494
     474
     493
     501
     509
     473
     522
     528
     518
     478
     529
     482
     523
     522
     482
     466
     491
     466
     520
     519
     480
     474
     455
     506
     476
     421
     489
     484
     495
     511
     483
     471
     502
     481
     476
     473
     463
     485
     536
     433
     501
     490
     479
     481
     507
     500
     471
     422
     487
     517
     471
     489
     514
     480
     493
     492
     465
     502
     476
     454
     447
     452
     481
     440
     459
     470
     443
     467
     486
     474
     473
     460
     445
     472
     479
     470
     497
     456
     482
     461
     440
     442
     497
     473
     454
     479
     453
     481
     442
     459
     456
     456
     461
     462
     412
     468
     464
     444
     466
     417
     465
     471
     453
     446
     427
     449
     440
     434
     472
     424
     392
     454
     446
     446
     431
     434
     430
     445
     390
     476
     441
     463
     445
     446
     428
     432
     439
     483
     396
     430
     450
     435
     425
     415
     469
     413
     418
     444
     457
     411
     409
     419
     426
     441
     421
     424
     448
     425
     450
     457
     415
     432
     411
     426
     444
     431
     377
     404
     475
     477
     445
     412
     431
     442
     424
     428
     422
     434
     445
     430
     447
     432
     431
     445
     440
     451
     439
     450
     469
     410
     440
     468
     420
     434
     421
     460
     448
     442
     466
     427
     429
     461
     424
     454
     461
     441
     426
     443
     422
     446
     448
     452
     479
     450
     487
     445
     463
     474
     473
     496
     442
     441
     469
     428
     438
     470
     462
     473
     435
     481
     481
     523
     485
     446
     518
     475
     481
     488
     490
     472
     495
     514
     482
     502
     477
     522
     498
     487
     479
     479
     531
     506
     509
     494
     525
     508
     482
     514
     516
     498
     536
     509
     532
     535
     509
     537
     541
     515
     532
     547
     533
     512
     515
     520
     564
     547
     544
     535
     543
     523
     570
     531
     515
     522
     538
     549
     551
     553
     524
     536
     573
     538
     528
     517
     548
     565
     499
     521
     540
     557
     559
     579
     528
     562
     541
     540
     604
     572
     549
     578
     578
     583
     557
     603
     537
     543
     589
     563
     586
     600
     582
     613
     536
     576
     518
     626
     606
     567
     543
     588
     569
     571
     558
     554
     550
     536
     560
     611
     568
     567
     575
     626
     589
     622
     594
     559
     560
     571
     604
     587
     567
     573
     589
     556
     589
     537
     610
     550
     612
     549
     583
     561
     587
     616
     601
     590
     608
     583
     567
     586
     618
     591
     644
     578
     567
     577
     611
     647
     639
     636
     565
     593
     640
     591
     578
     605
     610
     620
     609
     603
     591
     631
     653
     595
     567
     611
     573
     649
     614
     620
     647
     599
     644
     618
     621
     639
     668
     630
     613
     612
     611
     639
     620
     610
     643
     625
     631
     642
     640
     652
     632
     613
     656
     639
     639
     623
     613
     652
     655
     679
     624
     714
     642
     681
     679
     657
     696
     660
     639
     694
     642
     621
     640
     667
     673
     660
     678
     686
     648
     682
     642
     726
     639
     656
     685
     671
     739
     663
     703
     721
     695
     652
     675
     684
     662
     686
     687
     689
     655
     690
     653
     658
     618
     729
     675
     710
     651
     702
     687
     683
     704
     649
     661
     694
     706
     691
     683
     717
     684
     782
     675
     679
     675
     696
     642
     698
     697
     748
     705
     715
     722
     776
     740
     718
     699
     743
     728
     691
     734
     730
     750
     716
     712
     743
     707
     753
     728
     733
     773
     721
     773
     718
     700
     709
     715
     772
     716
     716
     740
     744
     699
     715
     764
     756
     723
     732
     771
     760
     718
     800
     748
     790
     785
     817
     764
     744
     765
     772
     807
     807
     721
     732
     789
     822
     785
     797
     804
     809
     781
     822
     752
     783
     789
     752
     752
     801
     822
     843
     770
     789
     807
     787
     770
     861
     820
     842
     847
     777
     855
     798
     770
     823
     832
     862
     802
     904
     815
     873
     890
     801
     874
     863
     896
     811
     823
     855
     824
     867
     863
     856
     874
     857
     867
     838
     900
     892
     910
     827
     971
     894
     928
     921
     892
     928
     922
     874
     867
     903
     984
     898
     962
     889
     953
     876
     875
     988
     952
     993
     946
     946
     922
     923
     996
     969
     990
     945
     995
    1000
    1017
    1056
    1018
    1020
     993
    1072
    1041
     960
    1044
     995
    1036
    1025
    1042
    1001
    1067
    1014
    1065
    1086
    1118
    1044
    1131
    1091
    1090
    1104
    1077
    1085
    1108
    1110
    1155
    1116
    1151
    1176
    1202
    1152
    1187
    1194
    1188
    1236
    1200
    1227
    1181
    1235
    1186
    1266
    1255
    1255
    1204
    1215
    1254
    1264
    1230
    1239
    1231
    1266
    1322
    1245
    1255
    1291
    1280
    1333
    1327
    1286
    1363
    1405
    1299
    1325
    1421
    1341
    1398
    1394
    1424
    1432
    1394
    1398
    1442
    1396
    1421
    1410
    1426
    1419
    1491
    1348
    1466
    1487
    1520
    1473
    1497
    1501
    1563
    1555
    1546
    1604
    1503
    1494
    1454
    1513
    1538
    1562
    1557
    1627
    1628
    1582
    1633
    1564
    1644
    1655
    1588
    1607
    1618
    1675
    1713
    1619
    1657
    1733
    1823
    1764
    1715
    1733
    1803
    1764
    1769
    1756
    1852
    1865
    1857
    1881
    1797
    1890
    1828
    1818
    1870
    1904
    1957
    1909
    1926
    2000
    2003
    2030
    2063
    2035
    2014
    2074
    2025
    2076
    2025
    2069
    2085
    2197
    2186
    2264
    2188
    2239
    2239
    2315
    2209
    2308
    2284
    2264
    2333
    2306
    2278
    2309
    2375
    2391
    2328
    2320
    2348
    2353
    2356
    2437
    2363
    2379
    2403
    2349
    2320
    2318
    2345
    2343
    2258
    2311
    2308
    2264
    2178
    2141
    2199
    2186
    2134
    2050
    2128
    2109
    2045
    2018
    2042
    1975
    1870
    1870
    1882
    1861
    1839
    1846
    1746
    1717
    1683
    1653
    1720
    1627
    1666
    1568
    1512
    1535
    1450
    1358
    1320
    1348
    1272
    1195
    1173
    1121
    1068
    1048
     966
     942
     893
     851
     799
     733
     694
     719
     644
     572
     503
     475
     466
     385
     369
     333
     333
     282
     252
     204
     206
     165
     146
     149
     129
     125
     105
      91
      81
      62
      78
      54
      51
      46
      44
      40
      21
      28
      19
      20
      18
      13
      22
      18
      12
      10
       9
      20
       9
      13
      17
       6
      10
      10
      11
      11
       7
       7
       9
      14
       5
      11
      11
       8
       8
       6
       8
       7
       9
       7
      15
      10
       9
      10
       7
       4
       8
      10
       7
       9
       3
       6
       7
       4
       6
       1
       5
       7
       8
       3
      13
       3
       3
       8
       4
       5
      10
       4
       9
       8
       7
       7
       6
       6
       6
       7
       7
       1
       6
       8
       8
       4
       7
       4
       9
       6
       6
       8
       5
       8
       9
       7
       7
       4
       7
       4
       6
       5
      10
       6
       6
       4
       2
       9
       2
      13
       5
       8
      10
       8
       8
       3
       6
       7
       5
       5
       4
       9
       4
       8
       2
       6
       7
       5
       2
       1
       4
       8
       7
       1
       8
       4
       6
       2
       4
       4
       9
      14
       4
      10
       5
       7
       7
       5
       9
       8
       3
       8
       7
       3
       6
       4
       6
       3
       8
       6
       7
       4
       8
      10
       4
       5
       5
       7
       7
       2
       9
       3
       3
       7
       4
      10
       5
       1
       2
       5
      13
       8
       7
       5
       5
       6
       4
       7
       8
       2
       6
       5
       4
       3
       7
       7
       7
       5
       5
       6
       3
       5
       6
       5
       9
       5
      12
       6
       6
       4
       2
       6
       5
       9
       7
       3
       4
       4
       6
       5
       3
       6
       2
       6
       6
       3
       8
       5
       6
       3
       3
       5
       5
       9
       8
       4
       2
       4
       4
       4
       4
       9
      10
       4
       5
       7
       5
       9
       9
       6
       7
       2
      11
       5
       6
       5
       3
       7
       3
       6
       1
       3
       6
       6
       4
       4
       2
       5
       3
      12
       9
       7
       9
       7
       9
       9
       4
       5
       4
       3
       4
       5
       5
       7
       4
       4
       1
       6
       2
       3
       2
       6
       5
       6
       8
       3
       4
       7
       6
       4
       3
       3
       5
       4
       4
       6
       1
       6
       3
      11
       2
       5
       4
       5
       4
       6
      10
       5
       2
       7
       3
       6
       7
       4
       8
       5
       9
      11
       3
       7
       8
       2
       4
       7
       3
       8
       6
       6
       4
       3
       7
       1
       7
       5
       6
       5
       8
       6
       5
       1
       0
       5
       7
       6
       6
       4
       8
       2
       3
       4
       6
       6
       7
       3
       5
       4
       7
       3
       5
       7
       5
       6
       5
       8
       5
       4
       3
       5
       5
       5
       5
       2
       3
       7
       7
       6
       3
       6
       6
       5
       6
       6
       5
       8
       3
       4
       8
       8
       3
       4
       3
       5
       3
       5
       8
       3
       2
       3
       5
       5
       1
       6
       3
       5
       3
       6
       5
       7
       8
       2
       6
       3
       2
       7
       4
       6
       1
       5
       7
       2
       6
       8
       3
       2
       8
       2
       3
       8
       5
      11
       4
       7
       2
       4
       9
       1
       4
       5
       3
       6
       2
       4
       0
       6
       1
       5
       5
       3
       5
       2
       4
       1
       2
       0
       2
       1
       0
       0
       0
       0
       0
       0
       0
       0
       0
       0
       0
       0
       0
       0
       0
       0
       0
       0
       0
       0
       0
       0
       0
       0
       0
       0
       0
       0
       0
       0
       0
       0
$ROI:
0
$PRESETS:
Real Time
300
0
$ENER_FIT:
0.000000 0.000000
$MCA_CAL:
3
0.000000E+000 0.000000E+000 0.000000E+000 
$SHAPE_CAL:
3
0.000000E+000 0.000000E+000 0.000000E+000
