$SPEC_ID:
No sample description was entered.
$SPEC_REM:
DET# 1
DETDESC# TL-101B-04 Easy-MCA-2k SN 11350422
AP# Maestro Version 7.01
$DATE_MEA:
02/15/2024 18:57:23
$MEAS_TIM:
442 450
$DATA:
0 2047
       0
       0
       0
       0
       0
       0
       0
       0
       0
       0
       0
       0
       0
       0
       0
       0
       0
       0
       0
      74
     191
     197
     195
     200
     208
     209
     201
     185
     196
     192
     209
     236
     194
     210
     188
     217
     220
     205
     208
     229
     201
     221
     205
     196
     193
     207
     228
     211
     221
     204
     210
     226
     211
     206
     186
     216
     206
     182
     205
     214
     197
     231
     210
     221
     221
     182
     202
     194
     197
     196
     191
     196
     189
     188
     214
     172
     181
     172
     183
     168
     181
     180
     169
     171
     179
     170
     143
     192
     162
     158
     156
     164
     163
     156
     152
     158
     153
     149
     185
     151
     153
     145
     148
     155
     128
     135
     127
     162
     145
     114
     137
     125
     130
     121
     124
     116
     139
     130
     130
     141
     134
     121
     133
     129
     146
     109
     138
     118
     115
     133
     114
     110
     117
     103
     112
      95
     115
     124
      96
      97
     101
     133
      98
     113
     104
      88
     108
     113
      95
     125
     102
     104
      94
      99
      92
      90
      93
      91
      89
      82
      87
      89
      71
      90
      94
      97
      97
      80
      82
      72
      75
      67
      93
      85
      78
      76
      82
      83
      80
      74
      80
      79
      80
      82
      73
      72
      91
      64
      88
      73
      52
      89
     101
      65
      66
      61
      69
      50
      68
      64
      55
      66
      55
      67
      49
      65
      56
      53
      74
      62
      50
      54
      48
      63
      51
      45
      51
      57
      73
      57
      66
      44
      66
      56
      59
      49
      54
      53
      51
      50
      50
      47
      43
      53
      48
      71
      64
      45
      56
      65
      53
      63
      45
      39
      53
      42
      40
      46
      50
      47
      60
      49
      46
      42
      48
      43
      56
      39
      43
      48
      37
      41
      44
      41
      51
      36
      54
      42
      35
      42
      37
      40
      39
      41
      32
      45
      33
      36
      34
      39
      35
      33
      36
      41
      46
      33
      38
      30
      42
      33
      24
      33
      29
      33
      26
      42
      25
      34
      28
      34
      34
      32
      34
      32
      33
      40
      31
      38
      33
      32
      29
      34
      34
      28
      38
      28
      18
      22
      30
      17
      34
      35
      29
      32
      44
      40
      35
      19
      27
      24
      21
      38
      22
      32
      27
      33
      40
      26
      26
      26
      26
      27
      33
      27
      32
      31
      33
      26
      25
      26
      35
      25
      32
      27
      38
      35
      24
      29
      22
      33
      31
      35
      23
      22
      23
      29
      35
      27
      29
      27
      32
      28
      34
      26
      28
      25
      29
      36
      25
      30
      28
      29
      28
      22
      30
      34
      23
      17
      27
      18
      29
      27
      23
      17
      19
      22
      26
      22
      17
      19
      19
      24
      28
      28
      17
      28
      20
      19
      20
      28
      29
      24
      16
      26
      21
      20
      26
      28
      21
      22
      23
      19
      22
      18
      18
      22
      17
      25
      20
      33
      25
      19
      20
      25
      25
      26
      22
      15
      28
      30
      25
      19
      20
      17
      18
      18
      17
      30
      24
      15
      27
      18
      13
      17
      23
      20
       8
      17
      11
      15
      18
      25
      18
      14
      20
      11
      21
      18
      16
      14
      19
      16
      15
      19
      24
      17
      17
      13
      10
      20
      11
      18
      15
      10
      14
      13
      21
      18
      18
      16
      14
      15
      17
       8
      12
      12
      13
      12
      16
      22
       6
       8
      23
      14
      16
      16
      11
      12
      17
       5
      17
      13
      15
      17
      19
      14
      20
      11
      12
      18
      12
      14
      19
      12
      16
      17
      15
      15
      14
      10
      15
      12
      13
      12
      10
       8
      15
      10
      12
      13
      13
      21
      11
      17
      10
      11
      12
       9
      10
       7
       8
      14
      12
      10
      11
       8
       8
       9
      14
      17
      12
      10
       9
      14
      17
       6
      12
      11
      14
       6
      10
       8
      10
      11
      13
      13
      11
      15
       6
      10
       9
      11
      12
       6
      12
      14
       7
       9
      12
      10
       8
       7
      10
       9
       9
       9
       8
      12
       9
      11
      10
       9
      11
       9
      10
      11
      12
       4
       8
       9
       9
       8
       7
       7
       4
       4
       6
      10
      10
      10
      10
       8
       8
      11
       8
      10
       8
      10
       8
       6
      10
       8
       7
       4
       9
       7
      13
      11
      15
       7
       8
       9
       9
       8
      12
      10
       7
      10
       8
       8
       9
       7
      10
       9
       5
       7
       8
       8
      10
       6
       6
      10
       6
       4
      13
       3
       7
      12
       8
       5
       6
       7
       2
      12
       7
       5
       3
       9
       6
       8
       6
       8
       6
       7
       5
       5
       7
       7
       7
       6
       5
      13
       6
       5
       7
       5
       5
       6
       3
       4
       8
       5
      12
       8
       6
       3
       3
       5
      12
      13
       5
       9
       4
       6
       3
       5
       1
       6
      16
       3
      10
       7
       7
       3
       1
       4
       6
       4
       7
      10
       5
       6
       6
       7
       6
       4
       5
      10
       6
       9
       6
       6
       2
       1
       1
       6
       1
       9
       5
       3
       4
       4
       4
       2
       6
       6
       5
       3
       7
       5
       5
       5
       8
       7
       4
       5
       2
       7
       4
       7
      10
       3
       7
       4
       4
       9
       7
       7
       7
       5
       6
       6
      10
       6
       5
       2
       3
       6
       7
       1
       6
       4
       3
       7
       9
       6
       3
       6
       7
       8
       2
       3
       9
       5
       1
       4
       3
       6
       6
       4
       5
       3
       5
       6
       5
       3
       9
       4
       9
       5
       5
       8
       1
       3
       5
       5
       5
       3
       9
       8
       4
       2
       4
       0
       7
       7
       6
       3
       6
       5
       4
       2
       3
       3
       4
       4
       3
       6
       5
       1
       4
       3
       4
       1
       4
       3
       3
       3
       5
       3
       3
       9
       8
       2
       2
       6
       2
       2
       2
       7
       6
       5
       4
       2
       5
       5
       3
       2
       4
       4
       4
       2
       4
       6
       7
       0
       4
       3
       4
       9
       2
       7
       5
       3
       7
       6
       3
       2
       6
       6
       3
       6
       1
       6
       2
       1
       1
       4
       3
       3
       6
       4
       1
       4
       3
       0
       3
       3
       4
       1
       4
       5
       5
       5
       4
       1
       2
       3
       4
       6
       4
       1
       1
       4
       3
       2
       1
       4
       4
       1
       2
       5
       7
       1
       4
       4
       5
       3
       2
       5
       2
       1
       1
       3
       1
       2
       2
       1
       4
       4
       2
       3
       2
       2
       5
       4
       1
       3
       3
       1
       4
       3
       7
       5
       0
       1
       3
       2
       2
       2
       3
       1
       4
       2
       1
       2
       5
       3
       1
       4
       4
       4
       0
       1
       4
       1
       3
       2
       6
       0
       4
       1
       0
       2
       3
       5
       1
       2
       2
       3
       3
       2
       4
       0
       3
       4
       1
       1
       4
       3
       4
       4
       2
       1
       0
       1
       2
       3
       5
       1
       1
       3
       2
       3
       1
       0
       1
       2
       2
       2
       2
       3
       4
       3
       0
       1
       2
       1
       5
       4
       0
       6
       1
       1
       2
       2
       3
       1
       2
       0
       3
       2
       3
       2
       3
       2
       2
       2
       4
       2
       2
       4
       3
       1
       3
       3
       0
       3
       3
       0
       2
       2
       3
       2
       1
       1
       1
       2
       1
       1
       2
       3
       2
       2
       0
       0
       1
       0
       2
       0
       0
       1
       1
       6
       2
       0
       3
       2
       1
       3
       2
       0
       0
       0
       4
       0
       2
       0
       2
       2
       0
       1
       2
       0
       2
       3
       1
       1
       2
       0
       1
       2
       1
       3
       1
       1
       0
       2
       1
       3
       3
       1
       2
       3
       1
       1
       2
       2
       1
       1
       3
       1
       1
       2
       1
       0
       2
       0
       0
       1
       2
       0
       1
       1
       1
       0
       1
       0
       0
       1
       0
       1
       0
       1
       1
       0
       2
       3
       0
       3
       1
       1
       1
       1
       1
       0
       2
       2
       1
       1
       2
       0
       1
       3
       0
       2
       0
       1
       0
       3
       1
       2
       2
       1
       1
       1
       3
       1
       4
       2
       3
       0
       0
       2
       3
       4
       0
       2
       1
       0
       0
       1
       0
       0
       0
       0
       1
       0
       0
       0
       0
       1
       2
       0
       0
       1
       2
       0
       0
       1
       1
       0
       2
       2
       3
       2
       0
       1
       0
       0
       1
       3
       1
       2
       1
       0
       0
       0
       1
       0
       0
       2
       2
       3
       0
       3
       0
       0
       2
       1
       0
       1
       1
       0
       2
       1
       1
       2
       2
       0
       2
       0
       1
       0
       0
       0
       1
       0
       2
       0
       1
       0
       0
       0
       0
       2
       1
       0
       0
       1
       1
       0
       2
       0
       0
       0
       0
       2
       2
       0
       0
       1
       1
       0
       0
       0
       1
       0
       0
       0
       1
       0
       3
       2
       3
       1
       1
       2
       0
       1
       0
       0
       1
       2
       0
       0
       0
       0
       1
       0
       1
       0
       0
       1
       1
       1
       1
       0
       1
       0
       1
       1
       0
       0
       0
       0
       2
       0
       2
       0
       0
       0
       1
       1
       3
       1
       0
       0
       1
       0
       0
       3
       2
       0
       0
       0
       1
       1
       0
       1
       0
       0
       0
       0
       1
       0
       0
       0
       0
       1
       1
       1
       1
       1
       0
       0
       1
       0
       2
       1
       4
       1
       0
       2
       2
       0
       1
       0
       1
       0
       2
       0
       0
       2
       0
       0
       3
       0
       0
       0
       0
       0
       1
       0
       0
       0
       1
       1
       0
       0
       1
       1
       1
       0
       1
       0
       1
       2
       1
       0
       1
       1
       2
       0
       0
       1
       0
       0
       0
       1
       0
       1
       0
       0
       0
       0
       0
       3
       1
       1
       3
       1
       0
       0
       0
       0
       0
       1
       0
       0
       0
       3
       1
       0
       1
       1
       0
       1
       0
       0
       0
       0
       3
       0
       0
       2
       0
       0
       0
       0
       0
       0
       0
       1
       1
       0
       1
       0
       1
       0
       0
       0
       1
       0
       1
       0
       1
       0
       0
       1
       1
       1
       3
       0
       1
       0
       0
       1
       0
       0
       0
       0
       0
       0
       0
       0
       0
       1
       0
       2
       0
       0
       0
       1
       2
       1
       0
       0
       0
       0
       0
       0
       0
       1
       1
       0
       0
       0
       1
       0
       1
       0
       2
       0
       0
       0
       2
       0
       0
       1
       0
       0
       0
       1
       0
       0
       1
       0
       3
       1
       0
       0
       0
       1
       1
       0
       2
       1
       1
       0
       0
       1
       1
       0
       0
       0
       1
       1
       0
       0
       1
       0
       1
       0
       0
       0
       0
       0
       0
       1
       0
       0
       1
       0
       0
       0
       1
       0
       0
       1
       0
       0
       1
       0
       0
       0
       0
       0
       0
       2
       0
       0
       0
       0
       0
       0
       0
       0
       0
       0
       0
       0
       0
       1
       0
       0
       0
       0
       0
       1
       1
       0
       0
       0
       0
       0
       0
       0
       0
       0
       1
       0
       0
       0
       0
       0
       0
       0
       0
       0
       0
       0
       0
       0
       0
       1
       0
       0
       1
       0
       0
       1
       0
       0
       0
       1
       0
       2
       2
       0
       1
       0
       0
       2
       0
       0
       0
       0
       0
       1
       1
       0
       0
       0
       1
       0
       0
       0
       0
       0
       0
       0
       0
       1
       0
       0
       0
       0
       1
       0
       1
       0
       1
       0
       0
       0
       0
       0
       0
       0
       0
       1
       0
       0
       0
       1
       0
       1
       1
       0
       1
       0
       0
       0
       0
       2
       0
       0
       0
       0
       0
       0
       0
       0
       0
       0
       0
       1
       1
       0
       0
       1
       0
       0
       0
       0
       0
       0
       1
       0
       0
       0
       0
       0
       0
       0
       0
       1
       0
       0
       0
       0
       0
       0
       0
       0
       1
       0
       0
       0
       1
       0
       0
       0
       0
       1
       0
       1
       0
       0
       0
       1
       0
       0
       0
       0
       1
       0
       1
       0
       1
       0
       1
       0
       0
       0
       0
       0
       0
       0
       0
       0
       0
       0
       1
       0
       0
       0
       0
       1
       0
       0
       0
       0
       1
       1
       0
       1
       0
       0
       0
       0
       0
       0
       0
       1
       1
       0
       0
       0
       0
       0
       0
       0
       0
       0
       0
       0
       0
       0
       0
       0
       0
       0
       0
       0
       0
       0
       1
       0
       1
       0
       0
       0
       0
       0
       0
       0
       0
       3
       0
       1
       0
       0
       1
       0
       0
       1
       0
       0
       0
       0
       0
       0
       0
       3
       0
       1
       0
       0
       0
       0
       0
       1
       0
       0
       0
       0
       0
       0
       0
       0
       0
       0
       0
       1
       0
       0
       0
       0
       2
       0
       0
       1
       0
       0
       0
       0
       0
       0
       0
       0
       0
       0
       0
       0
       0
       0
       0
       0
       0
       1
       0
       1
       0
       0
       0
       0
       0
       0
       0
       1
       0
       0
       0
       1
       0
       0
       0
       0
       0
       0
       1
       0
       0
       0
       0
       0
       0
       0
       0
       0
       0
       0
       0
       1
       0
       0
       0
       0
       0
       0
       0
       0
       0
       0
       0
       0
       0
       0
       0
       0
       0
       0
       0
       0
       0
       0
       0
       0
       0
       0
       0
       0
       0
       0
       0
       0
       0
       2
       0
       0
       0
       0
       0
       0
       0
       1
       0
       0
       0
       0
       0
       0
       0
       0
       0
       0
       0
       0
       0
       0
       0
       0
       0
       0
       0
       0
       0
       0
       0
       0
       0
       0
       0
       0
       0
       0
       0
       0
       0
       0
       0
       0
       0
       0
       0
       0
$ROI:
0
$PRESETS:
Real Time
450
0
$ENER_FIT:
0.000000 0.006102
$MCA_CAL:
3
0.000000E+000 6.102336E-003 0.000000E+000 keV
$SHAPE_CAL:
3
0.000000E+000 0.000000E+000 0.000000E+000
