$SPEC_ID:
No sample description was entered.
$SPEC_REM:
DET# 1
DETDESC# TL-101B-04 Easy-MCA-2k SN 11350422
AP# Maestro Version 7.01
$DATE_MEA:
02/15/2024 19:18:48
$MEAS_TIM:
445 450
$DATA:
0 2047
       0
       0
       0
       0
       0
       0
       0
       0
       0
       0
       0
       0
       0
       0
       0
       0
       0
       0
       4
     348
    1009
     969
     991
     955
    1000
     920
     920
     902
     898
     849
     813
     831
     817
     763
     789
     806
     742
     735
     740
     696
     678
     686
     657
     632
     634
     597
     622
     605
     558
     565
     558
     531
     554
     542
     494
     461
     474
     478
     441
     447
     425
     424
     397
     453
     451
     368
     389
     361
     360
     331
     362
     358
     342
     361
     327
     297
     301
     342
     305
     309
     313
     278
     280
     251
     284
     270
     279
     250
     218
     243
     269
     234
     215
     212
     229
     216
     227
     197
     208
     207
     195
     203
     193
     183
     165
     193
     176
     154
     183
     162
     144
     144
     153
     139
     158
     155
     140
     168
     151
     136
     145
     122
     131
     153
     127
     133
     127
     116
     110
     109
     111
      98
     117
     119
      84
      99
      96
     127
     104
      86
     108
     108
     110
      94
      82
      91
      86
      89
     102
      74
      98
     100
      85
      80
      79
      75
      73
      85
      91
      75
      63
      79
      75
      75
      67
      71
      75
      80
      71
      68
      78
      64
      75
      60
      57
      84
      59
      65
      54
      57
      64
      61
      61
      57
      66
      51
      59
      66
      49
      52
      45
      55
      43
      47
      59
      59
      36
      63
      51
      48
      39
      36
      47
      60
      43
      40
      45
      53
      34
      43
      38
      42
      40
      34
      37
      37
      34
      32
      34
      47
      42
      42
      42
      32
      30
      40
      32
      39
      31
      39
      27
      37
      34
      35
      28
      38
      46
      27
      32
      38
      34
      38
      28
      43
      32
      28
      33
      33
      29
      29
      21
      29
      37
      26
      32
      27
      14
      26
      31
      29
      26
      26
      34
      22
      23
      23
      27
      27
      24
      26
      22
      20
      23
      20
      21
      26
      26
      16
      18
      15
      14
      25
      23
      18
      14
      21
      19
      17
      28
      21
      24
      18
      18
      14
      16
      22
      23
      21
      23
      18
      22
      15
      17
      18
      25
      29
      16
      13
      22
      20
      23
      18
      21
      14
      19
      14
      17
      13
      15
      21
      15
      11
      15
      17
      21
      17
      19
      10
      18
      17
      13
      13
      13
      11
      14
      13
      13
      13
      12
      14
      15
      18
      13
      15
      18
      13
      10
      10
      19
       8
      17
      15
       8
      10
      14
      15
      10
      17
      15
       7
      15
       8
      14
      11
      12
      13
      10
      16
       9
       6
      15
       9
      15
      15
      12
       9
      15
      17
      17
      12
       5
       7
      11
       9
      13
       9
      18
       7
      12
      14
      17
       8
       9
      11
       9
      12
       8
      12
       9
       5
      11
      14
      10
       7
      12
      12
       8
       9
       8
      16
       7
       7
       8
      13
      10
       9
       9
       9
      12
       8
      11
      13
       9
      12
      14
       7
      10
       6
       7
      13
      10
      10
      11
       8
       4
      11
      10
       8
      10
      12
       7
      10
       9
       4
      10
       9
       4
       3
      11
       8
       7
       7
       7
       8
       7
       7
       4
       9
      11
       4
       7
      11
       8
      10
       6
       6
       6
      11
       7
       8
      10
       8
       8
       9
       4
       6
       4
       8
       7
       7
       5
       7
       5
       3
       6
       2
       6
       7
       6
       7
       7
       7
       4
       8
       8
       4
       5
       4
       7
       4
       5
       3
       3
       4
       6
       3
       5
       5
       7
       5
       5
       3
       5
       3
       9
       3
       4
       3
       6
       4
       7
       7
       9
       5
       6
       6
       8
       8
       4
       6
       4
       4
       7
       5
       3
       6
       4
       7
       5
       5
       8
       7
       3
       3
       6
       1
       3
       4
       1
       4
       4
       2
       4
       4
       3
       2
       3
       7
       4
       2
       3
       7
       5
       2
       6
       5
       5
       3
       3
       3
       3
       7
       2
       4
       3
       3
       9
       4
       2
       3
       2
       5
       3
       5
       2
       6
       3
       2
       4
       1
       2
       7
       7
       5
       2
       6
       2
       4
       2
       1
       4
       2
       4
       2
       3
       5
       1
       3
       2
       3
       5
       3
       8
       2
       3
       3
       1
       2
       1
       3
       3
       0
       1
       2
       3
       1
       3
       5
       6
       4
       3
       5
       3
       0
       3
       4
       4
       3
       2
       3
       3
       2
       3
       4
       2
       2
       2
       2
       3
       2
       0
       6
       2
       3
       1
       3
       1
       2
       3
       1
       3
       2
       4
       3
       2
       6
       2
       1
       1
       2
       3
       3
       0
       2
       1
       1
       2
       0
       4
       2
       2
       4
       2
       1
       4
       3
       0
       2
       1
       0
       2
       1
       1
       1
       0
       3
       1
       1
       2
       0
       0
       2
       0
       0
       2
       0
       2
       2
       0
       0
       2
       2
       1
       3
       1
       1
       5
       1
       0
       1
       2
       1
       5
       2
       2
       1
       1
       3
       0
       2
       2
       3
       3
       1
       2
       1
       1
       2
       1
       1
       1
       1
       1
       1
       1
       4
       1
       1
       3
       2
       1
       0
       1
       5
       3
       3
       1
       2
       1
       1
       3
       0
       1
       2
       2
       2
       3
       3
       0
       1
       0
       1
       2
       2
       2
       0
       2
       4
       1
       3
       0
       0
       1
       2
       0
       2
       3
       0
       3
       1
       2
       1
       1
       1
       1
       1
       0
       2
       3
       2
       1
       1
       1
       1
       1
       0
       3
       2
       1
       2
       1
       0
       1
       1
       0
       0
       2
       1
       0
       1
       1
       1
       0
       0
       0
       2
       3
       3
       1
       2
       2
       0
       1
       3
       0
       3
       0
       0
       0
       0
       0
       1
       1
       1
       0
       1
       1
       0
       1
       2
       0
       0
       1
       2
       0
       1
       1
       2
       3
       0
       0
       0
       0
       1
       1
       1
       0
       0
       2
       1
       2
       1
       0
       3
       1
       1
       0
       0
       1
       2
       0
       1
       2
       0
       1
       0
       0
       0
       0
       0
       1
       1
       1
       0
       0
       0
       0
       0
       0
       0
       1
       1
       0
       0
       0
       0
       1
       0
       0
       0
       0
       1
       0
       1
       0
       1
       1
       1
       0
       1
       2
       3
       0
       1
       0
       1
       2
       1
       1
       1
       0
       0
       0
       0
       0
       2
       0
       1
       2
       0
       0
       0
       1
       1
       1
       1
       0
       0
       0
       1
       0
       1
       1
       0
       1
       1
       0
       0
       0
       2
       3
       0
       0
       1
       1
       0
       0
       1
       0
       0
       1
       1
       1
       0
       1
       0
       1
       0
       0
       0
       1
       0
       0
       0
       0
       0
       0
       0
       0
       0
       0
       1
       1
       0
       0
       0
       0
       0
       0
       1
       0
       0
       0
       1
       1
       0
       0
       0
       0
       0
       0
       1
       1
       0
       1
       0
       1
       0
       0
       0
       0
       0
       0
       0
       2
       0
       0
       0
       0
       1
       0
       0
       0
       2
       0
       0
       1
       0
       0
       0
       0
       0
       0
       0
       2
       1
       2
       2
       0
       0
       0
       0
       1
       1
       1
       0
       0
       1
       1
       1
       1
       2
       1
       0
       0
       0
       0
       0
       2
       0
       0
       0
       0
       0
       0
       0
       0
       0
       0
       0
       0
       0
       0
       0
       2
       0
       0
       0
       0
       0
       0
       0
       0
       0
       0
       0
       1
       0
       0
       0
       0
       0
       0
       0
       0
       0
       0
       0
       0
       0
       0
       2
       1
       0
       0
       0
       1
       0
       0
       0
       1
       0
       0
       0
       0
       0
       0
       0
       0
       1
       0
       0
       0
       1
       0
       0
       0
       1
       0
       0
       0
       2
       0
       0
       0
       0
       1
       1
       0
       0
       0
       0
       1
       0
       0
       0
       0
       0
       0
       0
       0
       1
       0
       0
       0
       0
       0
       0
       0
       0
       0
       0
       0
       1
       1
       1
       0
       0
       1
       0
       0
       0
       0
       0
       0
       0
       0
       0
       0
       0
       0
       0
       1
       0
       0
       0
       0
       0
       0
       0
       0
       0
       0
       0
       0
       0
       0
       0
       0
       0
       0
       0
       0
       0
       0
       0
       1
       0
       0
       0
       0
       0
       0
       0
       0
       0
       0
       0
       0
       0
       0
       1
       1
       0
       1
       0
       0
       0
       0
       0
       0
       0
       0
       0
       0
       0
       0
       0
       0
       0
       0
       0
       0
       0
       0
       0
       0
       0
       0
       0
       1
       0
       0
       0
       0
       1
       0
       0
       0
       0
       0
       0
       0
       0
       0
       0
       0
       0
       0
       0
       0
       0
       0
       0
       0
       0
       0
       0
       0
       0
       0
       0
       0
       0
       0
       0
       0
       0
       0
       0
       0
       0
       0
       0
       0
       0
       0
       0
       0
       0
       1
       0
       0
       0
       0
       0
       0
       0
       0
       0
       0
       0
       0
       0
       0
       0
       0
       0
       0
       0
       0
       0
       0
       0
       0
       0
       0
       0
       0
       0
       0
       0
       0
       0
       0
       0
       0
       0
       0
       0
       0
       0
       0
       0
       0
       0
       0
       0
       0
       0
       0
       1
       0
       0
       0
       0
       0
       0
       0
       0
       0
       0
       0
       0
       0
       0
       0
       0
       0
       0
       0
       0
       0
       0
       0
       0
       0
       0
       0
       0
       0
       1
       0
       0
       0
       0
       0
       0
       0
       0
       0
       0
       0
       0
       0
       0
       0
       0
       0
       0
       0
       0
       1
       0
       1
       0
       0
       0
       0
       0
       0
       0
       0
       0
       0
       0
       0
       0
       0
       0
       0
       0
       0
       0
       0
       0
       0
       0
       0
       0
       0
       0
       0
       0
       0
       0
       0
       0
       0
       0
       0
       1
       0
       0
       0
       0
       0
       0
       0
       0
       0
       0
       0
       0
       0
       0
       0
       0
       0
       0
       0
       0
       1
       0
       0
       0
       0
       0
       1
       0
       0
       0
       0
       0
       0
       0
       0
       0
       0
       0
       0
       0
       0
       0
       0
       0
       0
       1
       0
       0
       0
       0
       0
       0
       0
       0
       0
       0
       0
       0
       0
       0
       0
       0
       0
       0
       0
       0
       0
       0
       0
       0
       0
       0
       0
       0
       0
       0
       0
       0
       0
       0
       0
       0
       0
       0
       0
       0
       1
       0
       0
       0
       0
       0
       0
       0
       0
       0
       0
       0
       0
       0
       0
       0
       1
       0
       0
       0
       0
       0
       0
       0
       0
       0
       0
       0
       0
       0
       0
       0
       0
       0
       0
       0
       0
       0
       0
       0
       0
       0
       0
       0
       0
       0
       0
       0
       0
       0
       0
       0
       0
       0
       0
       0
       0
       0
       0
       0
       0
       0
       0
       0
       0
       0
       0
       0
       0
       0
       0
       0
       0
       0
       0
       0
       0
       0
       0
       0
       0
       0
       0
       0
       0
       0
       0
       0
       0
       0
       0
       0
       0
       0
       0
       0
       0
       0
       0
       0
       0
       0
       0
       0
       0
       0
       0
       0
       0
       0
       0
       0
       0
       0
       0
       0
       0
       0
       0
       0
       0
       0
       0
       0
       0
       0
       0
       0
       0
       0
       0
       0
       0
       0
       0
       0
       0
       0
       0
       0
       0
       0
       0
       0
       0
       0
       0
       0
       0
       0
       0
       0
       0
       0
       0
       0
       0
       0
       0
       0
       0
       0
       0
       0
       0
       0
       0
       0
       0
       0
       0
       0
       0
       0
       0
       0
       0
       0
       0
       0
       0
       0
       0
       0
       0
       0
       0
       0
       0
       0
       0
       0
       0
       0
       0
       0
       0
       0
       0
       0
       0
       0
       0
       0
       0
       0
       0
       0
       0
       0
       0
       0
       0
       0
       0
       0
       0
       0
       0
       0
       0
       0
       0
       0
       0
       0
       0
       1
       0
       0
       0
       0
       0
       0
       0
       0
       0
       0
       0
       0
       0
       0
       0
       0
       0
       0
       0
       0
       0
       0
       0
       0
       0
       0
       0
       0
       0
       0
       0
       0
       0
       0
       0
       0
       0
       0
       0
       0
       0
       0
       0
       0
       0
       0
       0
       0
       0
       0
       0
       0
       0
       0
       0
       0
       0
       0
       0
       0
       0
       0
       0
       0
       0
       0
       0
       0
       0
       0
       0
       0
       0
       0
       0
       0
       0
       0
       0
       0
       0
       0
       0
       0
       0
       0
       0
       0
       0
       0
       0
       0
       0
       0
       0
       0
       0
       0
       0
       0
       0
       0
       0
       0
       0
       0
       0
       0
       0
       0
       0
       0
       0
       0
       0
       0
       0
       0
       0
       0
       0
       0
       0
       0
       0
       0
       0
       0
       0
       0
       0
       0
       0
       0
       0
       0
       0
       0
       0
       0
       0
       0
       0
       0
       0
       0
       0
       0
       0
       0
       0
       0
       0
       0
       0
       0
       0
       0
       0
       0
       0
       0
       0
       0
       0
       0
       0
       0
       0
       0
       0
       0
       0
       0
       0
       0
       0
       0
       0
       0
       0
       0
       0
       0
       0
       0
       0
       0
       0
       0
       0
       0
       0
       0
       0
       0
       0
       0
       0
       0
       0
       0
       0
       0
       0
       0
       0
       0
       0
       0
       0
       0
       0
       0
       0
       0
       0
       0
       0
       0
       0
       0
       0
       0
       0
       0
       0
       0
       0
       0
       0
       0
       0
       0
       0
       0
       0
       0
       0
       0
       0
       0
       0
       0
       0
       0
       0
       0
       0
       0
       0
       0
       0
       0
       0
       0
       0
       0
       0
       0
       0
       0
       0
       0
       0
       0
       0
       0
       0
       0
       0
       0
       0
       0
       0
       0
       0
       0
       0
       0
       0
       0
$ROI:
0
$PRESETS:
Real Time
450
0
$ENER_FIT:
0.000000 0.006102
$MCA_CAL:
3
0.000000E+000 6.102336E-003 0.000000E+000 keV
$SHAPE_CAL:
3
0.000000E+000 0.000000E+000 0.000000E+000
