$SPEC_ID:
No sample description was entered.
$SPEC_REM:
DET# 1
DETDESC# TL-101B-04 Easy-MCA-2k SN 11350422
AP# Maestro Version 7.01
$DATE_MEA:
02/15/2024 20:01:40
$MEAS_TIM:
390 450
$DATA:
0 2047
       0
       0
       0
       0
       0
       0
       0
       0
       0
       0
       0
       0
       0
       0
       0
       0
       0
       0
       0
       0
       0
       0
       0
       0
       0
       0
       0
       0
       0
       0
       0
       0
       5
      15
      93
     479
    1243
    2366
    3044
    4479
    5395
    5353
    5266
    5297
    5241
    5137
    5128
    5162
    5160
    5191
    5200
    5361
    4974
    5234
    5172
    5163
    5216
    5284
    5141
    5258
    5178
    5299
    5222
    5208
    5165
    5111
    5205
    5255
    5351
    5143
    5185
    5315
    5216
    5291
    5225
    5298
    5265
    5225
    5389
    5321
    5237
    5394
    5267
    5296
    5261
    5314
    5244
    5353
    5375
    5395
    5359
    5291
    5416
    5435
    5418
    5391
    5300
    5503
    5396
    5294
    5493
    5488
    5414
    5352
    5333
    5347
    5556
    5464
    5408
    5490
    5587
    5340
    5361
    5516
    5436
    5321
    5483
    5681
    5564
    5452
    5455
    5538
    5437
    5459
    5596
    5410
    5453
    5408
    5525
    5558
    5591
    5537
    5456
    5539
    5545
    5554
    5592
    5655
    5406
    5553
    5541
    5513
    5482
    5791
    5616
    5592
    5518
    5720
    5483
    5477
    5569
    5596
    5519
    5507
    5506
    5619
    5564
    5596
    5622
    5510
    5525
    5581
    5629
    5615
    5524
    5565
    5512
    5508
    5557
    5603
    5613
    5558
    5540
    5492
    5516
    5623
    5461
    5550
    5447
    5474
    5679
    5403
    5679
    5538
    5410
    5450
    5422
    5511
    5506
    5349
    5488
    5536
    5541
    5563
    5379
    5339
    5459
    5514
    5494
    5641
    5490
    5564
    5412
    5523
    5392
    5327
    5578
    5491
    5432
    5389
    5185
    5182
    5375
    5422
    5362
    5316
    5444
    5404
    5470
    5268
    5289
    5298
    5191
    5338
    5271
    5183
    5281
    5382
    5333
    5365
    5222
    5213
    5344
    5133
    5266
    5177
    5179
    5239
    5231
    5249
    5171
    5109
    5012
    5057
    5121
    5098
    5087
    5024
    4919
    5034
    4985
    5026
    5069
    4836
    4881
    4917
    4985
    4980
    4931
    5053
    4928
    4936
    4877
    4847
    4868
    5042
    4739
    4888
    4806
    4794
    4693
    4753
    4875
    4623
    4685
    4696
    4685
    4716
    4766
    4734
    4652
    4697
    4698
    4649
    4710
    4708
    4596
    4581
    4648
    4607
    4602
    4441
    4556
    4530
    4674
    4596
    4428
    4533
    4494
    4430
    4497
    4441
    4293
    4431
    4428
    4352
    4349
    4455
    4399
    4452
    4364
    4317
    4427
    4381
    4256
    4263
    4368
    4322
    4176
    4275
    4218
    4288
    4271
    4291
    4189
    4306
    4212
    4227
    4351
    4171
    4184
    4213
    4312
    4117
    4205
    4148
    4014
    4123
    4181
    4074
    4157
    4141
    3993
    4072
    4143
    4057
    4085
    4157
    4088
    4049
    4014
    4041
    4194
    4079
    4046
    4073
    4041
    4005
    4082
    3970
    4117
    3975
    4018
    3996
    4114
    4001
    4039
    3898
    4044
    3801
    4102
    3968
    3877
    3889
    4045
    3897
    3907
    3968
    3811
    3872
    3924
    3831
    3840
    3841
    3891
    3852
    3893
    3741
    4065
    3921
    3858
    3841
    3838
    3736
    3810
    3879
    3655
    3884
    3715
    3846
    3744
    3697
    3801
    3800
    3797
    3781
    3721
    3770
    3841
    3744
    3672
    3710
    3751
    3704
    3754
    3701
    3678
    3834
    3638
    3693
    3621
    3699
    3596
    3713
    3605
    3601
    3751
    3665
    3617
    3572
    3622
    3494
    3614
    3611
    3647
    3474
    3593
    3551
    3590
    3583
    3548
    3530
    3569
    3561
    3530
    3443
    3441
    3536
    3569
    3511
    3405
    3461
    3387
    3425
    3380
    3461
    3397
    3410
    3386
    3374
    3344
    3369
    3327
    3438
    3454
    3310
    3337
    3352
    3221
    3292
    3182
    3329
    3218
    3219
    3226
    3158
    3250
    3250
    3234
    3249
    3290
    3269
    3227
    3115
    3144
    3165
    3208
    3152
    3199
    3204
    3110
    3026
    3073
    3074
    3013
    3051
    3132
    2994
    3075
    2978
    3024
    2999
    3075
    3009
    3023
    2932
    2833
    2863
    2798
    2973
    2938
    2907
    2887
    2879
    2901
    2851
    2821
    2917
    2814
    2672
    2759
    2869
    2781
    2786
    2675
    2665
    2714
    2643
    2699
    2714
    2731
    2679
    2671
    2600
    2702
    2658
    2638
    2619
    2646
    2597
    2558
    2602
    2504
    2502
    2471
    2481
    2507
    2431
    2601
    2363
    2416
    2483
    2397
    2464
    2511
    2381
    2381
    2352
    2381
    2382
    2365
    2381
    2256
    2394
    2309
    2401
    2316
    2268
    2367
    2340
    2178
    2274
    2325
    2355
    2207
    2152
    2265
    2270
    2133
    2199
    2145
    2205
    2156
    2163
    2122
    2196
    2162
    2131
    2121
    2202
    2099
    2050
    2096
    2015
    2038
    2009
    2030
    2042
    1955
    1971
    1973
    1887
    1991
    2069
    1967
    1973
    1950
    1934
    1871
    1857
    1875
    1904
    1866
    1859
    1936
    1839
    1852
    1861
    1895
    1774
    1835
    1828
    1736
    1798
    1722
    1793
    1823
    1653
    1722
    1782
    1845
    1760
    1802
    1636
    1770
    1695
    1786
    1688
    1700
    1756
    1582
    1623
    1684
    1628
    1674
    1640
    1606
    1641
    1682
    1604
    1545
    1633
    1555
    1580
    1584
    1619
    1562
    1583
    1489
    1502
    1561
    1476
    1468
    1538
    1507
    1540
    1498
    1509
    1453
    1491
    1426
    1440
    1475
    1365
    1455
    1491
    1445
    1440
    1395
    1394
    1396
    1468
    1314
    1383
    1415
    1383
    1417
    1361
    1331
    1393
    1428
    1331
    1377
    1319
    1292
    1252
    1352
    1273
    1263
    1307
    1291
    1293
    1322
    1236
    1252
    1218
    1228
    1164
    1226
    1225
    1274
    1222
    1162
    1216
    1182
    1232
    1227
    1145
    1105
    1162
    1281
    1173
    1173
    1132
    1084
    1155
    1239
    1125
    1107
    1108
    1035
    1131
    1206
    1134
    1116
    1139
    1118
    1085
    1170
    1112
    1091
    1086
    1070
    1089
    1072
    1070
    1109
     987
    1087
    1054
    1036
    1044
    1044
    1007
    1031
     967
     977
    1040
    1054
    1009
    1044
    1030
    1024
     981
     970
     974
     931
    1010
     992
     958
     926
     946
     980
     943
     933
     938
     930
     937
     921
     919
     869
     879
     981
     911
     909
     886
     889
     925
     888
     884
     894
     899
     855
     889
     865
     877
     814
     883
     895
     847
     863
     869
     833
     904
     874
     800
     818
     843
     849
     837
     817
     846
     847
     812
     834
     802
     802
     865
     759
     774
     848
     764
     783
     794
     769
     786
     767
     830
     776
     753
     757
     770
     747
     747
     769
     765
     791
     746
     754
     743
     723
     751
     700
     741
     808
     739
     715
     682
     772
     715
     761
     759
     710
     760
     669
     729
     754
     679
     665
     697
     723
     675
     709
     705
     700
     707
     719
     691
     713
     667
     658
     641
     714
     628
     656
     698
     609
     652
     641
     677
     642
     627
     653
     673
     629
     634
     644
     624
     639
     605
     657
     610
     624
     607
     628
     588
     595
     590
     583
     602
     578
     627
     595
     571
     632
     608
     601
     619
     571
     605
     608
     610
     602
     586
     559
     595
     576
     560
     620
     568
     532
     565
     587
     551
     562
     627
     549
     551
     574
     575
     550
     562
     567
     547
     506
     550
     566
     572
     512
     519
     500
     535
     549
     563
     550
     505
     498
     474
     486
     527
     531
     511
     509
     493
     516
     487
     501
     509
     508
     496
     501
     515
     467
     496
     492
     483
     501
     472
     504
     497
     477
     476
     493
     485
     423
     479
     494
     488
     476
     486
     451
     466
     465
     463
     450
     480
     439
     484
     439
     441
     441
     456
     436
     463
     480
     478
     441
     412
     423
     419
     441
     453
     421
     446
     399
     406
     422
     395
     430
     412
     378
     405
     430
     479
     431
     391
     386
     392
     392
     373
     409
     376
     407
     417
     404
     386
     399
     466
     396
     388
     402
     357
     396
     382
     361
     367
     358
     403
     411
     358
     418
     359
     368
     357
     380
     391
     387
     389
     396
     335
     355
     396
     356
     416
     366
     362
     359
     362
     342
     329
     338
     363
     374
     340
     400
     390
     347
     348
     354
     352
     323
     347
     358
     347
     355
     371
     297
     351
     325
     347
     328
     340
     321
     277
     313
     305
     333
     360
     329
     341
     320
     339
     320
     294
     326
     299
     344
     301
     306
     326
     284
     283
     322
     298
     330
     288
     291
     314
     282
     276
     345
     289
     283
     298
     304
     279
     286
     263
     267
     306
     268
     296
     280
     276
     301
     299
     276
     264
     266
     279
     276
     304
     290
     247
     274
     238
     281
     255
     253
     289
     293
     256
     261
     250
     279
     218
     291
     263
     272
     258
     241
     250
     237
     264
     246
     243
     241
     252
     265
     256
     250
     232
     265
     244
     289
     267
     237
     245
     247
     231
     217
     242
     243
     241
     241
     228
     232
     206
     259
     238
     247
     233
     220
     259
     227
     251
     223
     212
     225
     236
     235
     233
     202
     234
     219
     230
     224
     206
     223
     215
     198
     210
     217
     229
     231
     219
     206
     231
     214
     234
     203
     221
     222
     209
     215
     181
     185
     198
     197
     195
     177
     181
     202
     219
     201
     200
     203
     183
     204
     202
     176
     212
     188
     194
     189
     197
     217
     187
     202
     207
     187
     171
     204
     179
     181
     174
     177
     158
     177
     199
     189
     204
     163
     181
     180
     168
     162
     183
     190
     195
     180
     159
     199
     178
     174
     189
     157
     191
     170
     184
     182
     165
     180
     174
     133
     169
     160
     161
     178
     166
     158
     158
     178
     142
     172
     184
     154
     153
     158
     161
     143
     166
     137
     151
     139
     154
     151
     167
     147
     144
     157
     159
     153
     163
     148
     148
     140
     135
     138
     146
     162
     156
     153
     152
     139
     135
     140
     154
     155
     141
     166
     145
     143
     151
     135
     145
     126
     144
     120
     132
     147
     140
     136
     121
     139
     145
     119
     136
     128
     110
     111
     128
     137
     122
     138
     144
     148
     143
     113
     141
     112
     125
     115
     125
     125
     133
     135
     122
     129
     136
     131
     120
     125
     123
     120
     132
     105
     135
     116
     113
     122
     122
     119
     128
      90
     129
     118
     124
     130
     122
     124
     117
     132
     116
     110
     124
     128
     102
     101
     112
     115
     119
      96
     125
     135
     109
     116
     119
      91
     127
      89
      95
     126
     106
     125
     106
     136
      99
     113
     105
     105
      92
     116
     124
     100
     108
     101
     116
     104
     107
      87
      88
     114
     110
      97
     113
      82
     104
      89
      89
      76
      96
     125
     117
      77
     101
     107
     104
     105
     123
      92
      93
      96
      81
     112
      90
      71
      77
      98
     105
      95
      99
      84
      92
      96
      92
      75
      98
      67
      77
      98
      91
      83
      95
      58
      83
     103
      95
      89
      78
     111
      75
      83
      90
      77
      86
      87
      85
      79
      62
      85
      96
      85
      83
      88
      88
      83
      86
      64
      84
      70
      77
      73
      82
      64
      72
      73
      95
      77
      73
      75
      76
      82
     108
      73
      77
      71
      76
      88
      79
      77
      70
      87
      85
      85
      63
      72
      81
      69
      88
      81
      77
      78
      70
      70
      68
      63
      67
      80
      62
      68
      70
      68
      69
      68
      88
      65
      73
      83
      63
      70
      72
      62
      69
      65
      69
      79
      70
      70
      63
      77
      72
      62
      71
      68
      61
      61
      68
      56
      66
      59
      60
      65
      74
      65
      70
      66
      82
      56
      55
      83
      67
      67
      60
      73
      64
      51
      68
      64
      49
      72
      68
      73
      50
      64
      67
      57
      72
      60
      60
      66
      51
      49
      49
      65
      52
      61
      58
      50
      66
      49
      56
      61
      70
      50
      56
      57
      56
      59
      55
      69
      62
      52
      59
      62
      63
      49
      42
      53
      59
      54
      54
      50
      49
      52
      53
      64
      44
      36
      66
      47
      49
      57
      48
      41
      44
      58
      55
      60
      44
      51
      41
      59
      54
      57
      53
      56
      43
      49
      49
      46
      55
      56
      63
      52
      57
      55
      37
      42
      53
      54
      53
      53
      51
      41
      47
      49
      43
      46
      44
      50
      41
      42
      55
      44
      39
      30
      52
      49
      47
      40
      49
      44
      43
      53
      52
      41
      40
      54
      36
      37
      49
      40
      39
      45
      43
      50
      46
      40
      51
      45
      35
      44
      42
      44
      50
      42
      50
      46
      39
      42
      51
      49
      47
      38
      41
      38
      35
      60
      28
      48
      35
      42
      36
      33
      37
      41
      45
      36
      42
      41
      43
      30
      29
      40
      40
      31
      33
      36
      41
      30
      34
      30
      37
      49
      36
      38
      34
      39
      49
      32
      44
      34
      45
      36
      39
      25
      36
      45
      28
      30
      28
      43
      39
      31
      23
      42
      30
      37
      33
      37
      27
      27
      31
      27
      33
      37
      42
      42
      28
      40
      38
      35
      26
      31
      29
      29
      26
      25
      37
      21
      46
      22
      28
      22
      30
      36
      28
      33
      34
      28
      43
      33
      33
      37
      27
      30
      27
      22
      27
      32
      29
      27
      28
      35
      30
      26
      26
      28
      29
      20
      29
      29
      28
      26
      38
      27
      31
      35
      27
      26
      30
      27
      37
      24
      38
      31
      30
      23
      14
      22
      33
      32
      32
      26
      25
      27
      27
      20
      27
      20
      35
      25
      35
      28
      29
      25
      25
      26
      30
      28
      26
      32
      29
      24
      19
      16
      31
      26
      29
      32
      20
      23
      23
      32
      21
      20
      13
      32
      23
      27
      21
      25
      24
      17
      20
      27
      31
      24
      16
      23
      25
      28
      25
      18
      20
      25
      23
      17
      14
      22
      31
      18
      26
      22
      23
      25
      28
      33
      28
      18
      17
      17
      23
      18
      18
      21
      19
      11
      21
      13
      32
      15
      28
      16
      22
      28
      25
      17
      27
      25
      17
      24
      20
      16
      13
      19
      29
      18
      26
      23
      10
      20
      19
      22
      22
      26
      19
      17
      22
      18
      21
      21
      16
      21
      14
      19
      16
      21
      25
      26
      16
      22
      24
      22
      22
      21
      19
      21
      20
      18
      17
      20
      16
      28
      16
      13
      20
      13
      18
      13
      22
      22
      10
      20
      17
      18
      23
      25
      19
      27
      24
      18
      20
      12
      27
      14
      12
      22
      14
      20
      16
      13
      23
      23
      13
      13
      16
      10
      16
      17
      17
      19
      22
      17
      20
       0
       0
       0
       0
       0
       0
       0
       0
       0
       0
       0
       0
       0
       0
       0
       0
       0
       0
       0
       0
       0
       0
       0
       0
       0
       0
       0
       0
       0
       0
       0
       0
$ROI:
0
$PRESETS:
Real Time
450
0
$ENER_FIT:
0.000000 0.006102
$MCA_CAL:
3
0.000000E+000 6.102336E-003 0.000000E+000 keV
$SHAPE_CAL:
3
0.000000E+000 0.000000E+000 0.000000E+000
