$SPEC_ID:
No sample description was entered.
$SPEC_REM:
DET# 13001
DETDESC# TL-101B-04 Easy-MCA-2k SN 11350422
AP# Maestro Version 7.01
$DATE_MEA:
03/07/2024 18:25:28
$MEAS_TIM:
298 300
$DATA:
0 2047
       0
       0
       0
       0
       0
       0
       0
       0
       0
       0
       0
       0
       0
       0
       0
       0
       0
       0
       0
      22
      75
      92
      73
     102
      97
      95
      92
     106
      90
      89
      97
      80
      95
      94
      96
     114
      97
     114
      99
      93
     120
     135
     127
     126
     129
     170
     153
     152
     168
     175
     160
     158
     184
     193
     194
     229
     187
     192
     205
     213
     227
     232
     233
     201
     240
     230
     240
     239
     232
     258
     228
     247
     256
     260
     249
     257
     252
     249
     274
     254
     283
     254
     235
     239
     243
     271
     276
     257
     288
     244
     240
     287
     277
     278
     289
     264
     267
     263
     242
     285
     249
     248
     267
     271
     242
     243
     248
     260
     255
     238
     243
     245
     248
     217
     264
     215
     230
     238
     209
     239
     238
     245
     241
     212
     219
     222
     225
     246
     226
     247
     207
     232
     221
     233
     242
     232
     220
     218
     238
     240
     224
     210
     228
     229
     212
     220
     222
     206
     220
     247
     213
     210
     221
     193
     234
     204
     184
     213
     197
     193
     205
     199
     186
     212
     213
     184
     179
     189
     198
     204
     183
     192
     202
     190
     159
     154
     191
     151
     170
     180
     170
     149
     173
     183
     135
     163
     156
     160
     134
     134
     135
     127
     109
     128
     106
     106
     124
     137
     120
     104
     121
     101
     125
     102
     115
     113
      99
     111
      91
     103
     105
     113
     118
     105
     110
     100
     109
     100
     116
      99
      77
     116
      98
      82
      90
      96
     101
      85
     100
      96
      87
      87
      84
      86
      84
      84
      81
      92
      84
      81
      79
      67
      89
     101
      79
      93
      82
      88
      83
      71
      95
      72
      76
      81
      81
      64
      70
      97
      78
      67
      68
      60
      68
      79
      67
      66
      67
      66
      69
      79
      79
      75
      61
      71
      76
      59
      74
      70
      72
      72
      69
      68
      87
      64
      76
      69
      71
      64
      55
      64
      67
      62
      57
      79
      67
      56
      68
      48
      66
      77
      79
      61
      63
      54
      65
      60
      72
      63
      76
      70
      63
      56
      64
      67
      70
      51
      59
      67
      50
      63
      61
      55
      48
      49
      48
      51
      70
      47
      53
      47
      48
      54
      56
      56
      45
      35
      51
      40
      48
      41
      50
      29
      33
      40
      43
      42
      38
      35
      39
      34
      43
      42
      45
      35
      46
      42
      34
      42
      37
      42
      45
      28
      34
      35
      39
      31
      25
      35
      35
      45
      23
      32
      22
      32
      29
      25
      39
      39
      27
      30
      36
      31
      23
      29
      31
      33
      35
      32
      29
      35
      18
      32
      27
      19
      30
      33
      23
      29
      33
      33
      31
      29
      22
      23
      23
      25
      24
      34
      27
      28
      31
      22
      32
      34
      31
      36
      30
      25
      20
      27
      40
      40
      35
      31
      41
      34
      36
      36
      43
      49
      46
      40
      52
      34
      53
      51
      61
      55
      57
      65
      68
      70
      84
      86
      86
      96
      92
     124
     124
     120
     119
     142
     159
     164
     170
     165
     163
     175
     199
     176
     193
     199
     202
     191
     218
     227
     199
     224
     213
     204
     216
     180
     206
     157
     187
     161
     160
     154
     139
     150
     129
     136
     110
     129
     100
     110
      62
      85
      87
      72
      80
      58
      42
      53
      42
      31
      35
      35
      25
      15
      15
      16
      15
      14
      12
       9
       8
      10
      12
       9
       9
       4
       2
       8
       4
       6
       8
       3
       4
       4
       7
       3
       8
       2
       4
       6
       7
       3
       6
       5
       2
       3
       3
       7
       7
       4
       4
       6
       6
       4
       4
       5
       2
       2
       3
       1
       3
       4
       2
       2
       3
       2
       6
       8
       8
       5
       3
       3
       2
       2
       2
       2
       6
       3
       2
       1
       4
       3
       6
       4
       2
       4
       3
       5
       4
       4
       3
       2
       3
       2
       3
       1
       2
       4
       4
       5
       6
       5
       4
       4
       1
       3
       5
       6
       5
       5
       4
       1
       9
       2
       5
       1
       3
       3
       6
       6
       5
       3
       3
       2
       4
       3
       6
       5
       2
       6
       4
       8
       2
       4
       3
       2
       1
       1
       7
       5
       2
       7
       3
       5
       2
       5
       3
       6
       3
       6
       5
       0
       3
       5
       5
       4
       1
       4
       4
       3
       4
       3
       4
       3
       3
       4
       5
       3
       2
       2
       2
       2
       5
       4
       4
       7
       2
       1
       7
       5
       6
       3
       2
       7
       3
       9
       2
       1
       6
       2
       5
       2
       4
       2
       1
       1
       7
       8
       3
       4
       3
       4
       5
       5
       5
       2
       3
       2
       4
       3
       2
       3
       4
       3
       4
       2
       1
       4
       5
       3
       1
       4
       3
       5
       1
       3
       1
       4
       1
       4
       1
       3
       0
       1
       5
       2
       1
       2
       1
       3
       2
       2
       2
       3
       2
       4
       3
       3
       4
       2
       3
       2
       0
       2
       3
       4
       4
       4
       4
       1
       2
       3
       1
       2
       1
       7
       5
       2
       3
       0
       3
       2
       4
       2
       3
       4
       4
       1
       6
       1
       6
       0
       4
       0
       2
       3
       4
       2
       4
       3
       2
       3
       4
       2
       3
       2
       3
       3
       1
       0
       6
       3
       1
       3
       2
       5
       3
       4
       3
       3
       2
       1
       2
       4
       3
       2
       2
       3
       3
       2
       6
       1
       2
       4
       1
       0
       1
       4
       1
       3
       2
       2
       1
       3
       1
       2
       3
       3
       2
       1
       2
       1
       1
       3
       1
       3
       2
       1
       3
       1
       2
       0
       2
       1
       1
       3
       1
       0
       1
       2
       2
       2
       2
       3
       2
       1
       0
       2
       0
       2
       2
       2
       0
       2
       2
       1
       1
       1
       1
       2
       3
       1
       3
       1
       0
       1
       2
       2
       3
       0
       0
       1
       0
       5
       4
       2
       2
       1
       0
       0
       1
       4
       2
       0
       2
       2
       0
       1
       0
       1
       2
       0
       1
       1
       1
       3
       1
       3
       2
       1
       1
       0
       0
       0
       1
       0
       0
       0
       1
       2
       1
       1
       0
       0
       1
       5
       1
       0
       2
       3
       1
       2
       0
       1
       2
       3
       1
       1
       3
       1
       0
       1
       1
       1
       0
       3
       2
       1
       4
       0
       0
       1
       2
       0
       2
       1
       2
       2
       1
       0
       1
       4
       3
       0
       5
       1
       4
       2
       3
       1
       1
       1
       2
       2
       3
       1
       2
       2
       1
       1
       3
       2
       2
       2
       3
       2
       4
       2
       5
       5
       2
       1
       3
       2
       1
       3
       4
       2
       1
       3
       4
       3
       5
       6
       4
       3
       8
       5
       8
       0
       1
       3
       3
       1
       6
       5
       4
       5
       3
       4
       3
       0
       6
       1
       1
       1
       4
       2
       2
       0
       1
       2
       2
       2
       4
       0
       1
       5
       1
       0
       5
       2
       4
       0
       1
       1
       3
       2
       0
       2
       1
       0
       0
       1
       0
       2
       2
       1
       1
       1
       0
       0
       0
       0
       2
       1
       3
       1
       1
       0
       0
       0
       0
       3
       2
       2
       0
       0
       1
       0
       0
       1
       0
       0
       1
       1
       2
       1
       1
       2
       0
       0
       1
       1
       0
       0
       0
       1
       2
       0
       2
       0
       0
       0
       2
       0
       2
       0
       1
       0
       0
       1
       1
       0
       1
       0
       0
       1
       0
       0
       1
       0
       0
       0
       0
       0
       1
       1
       2
       0
       0
       2
       0
       1
       0
       0
       0
       0
       0
       1
       0
       2
       0
       0
       1
       1
       0
       0
       2
       0
       0
       0
       0
       0
       0
       2
       0
       0
       0
       2
       0
       0
       2
       0
       0
       0
       1
       0
       0
       1
       0
       1
       1
       0
       0
       0
       2
       0
       0
       0
       0
       0
       0
       0
       3
       2
       0
       0
       1
       2
       0
       0
       1
       1
       1
       0
       0
       0
       0
       0
       0
       1
       0
       0
       0
       1
       0
       1
       0
       1
       1
       0
       1
       1
       0
       0
       0
       0
       1
       2
       0
       1
       0
       0
       2
       0
       1
       0
       0
       0
       0
       0
       0
       0
       0
       1
       1
       0
       0
       0
       0
       0
       0
       0
       1
       1
       1
       0
       0
       2
       0
       0
       1
       2
       0
       1
       0
       0
       2
       1
       0
       0
       0
       0
       0
       0
       0
       1
       0
       0
       1
       2
       0
       0
       0
       0
       0
       0
       0
       0
       0
       3
       1
       0
       0
       0
       0
       0
       1
       0
       0
       0
       0
       0
       0
       0
       1
       0
       0
       1
       0
       0
       0
       1
       2
       0
       0
       0
       0
       0
       0
       1
       0
       0
       0
       0
       2
       0
       1
       0
       0
       1
       2
       0
       0
       0
       0
       0
       0
       0
       0
       1
       0
       0
       0
       0
       0
       0
       0
       1
       1
       0
       0
       0
       0
       0
       0
       0
       0
       0
       0
       0
       0
       0
       0
       2
       0
       0
       0
       0
       0
       0
       0
       0
       0
       0
       0
       0
       1
       0
       0
       0
       0
       0
       1
       0
       0
       0
       0
       0
       1
       0
       1
       0
       0
       0
       0
       0
       0
       0
       1
       0
       1
       0
       0
       0
       0
       0
       0
       1
       0
       1
       0
       0
       0
       1
       0
       0
       0
       0
       0
       0
       0
       1
       0
       0
       0
       0
       1
       0
       0
       0
       0
       0
       1
       0
       0
       1
       0
       2
       0
       1
       0
       0
       0
       0
       0
       0
       0
       0
       0
       0
       0
       0
       0
       0
       0
       1
       1
       0
       1
       0
       0
       0
       0
       1
       0
       0
       0
       1
       0
       0
       0
       1
       0
       1
       0
       1
       1
       0
       0
       0
       0
       0
       1
       0
       0
       1
       0
       1
       0
       0
       0
       1
       1
       0
       0
       0
       0
       0
       2
       1
       0
       0
       0
       0
       1
       0
       2
       0
       1
       0
       0
       0
       0
       2
       0
       0
       1
       0
       0
       0
       0
       0
       0
       0
       0
       0
       0
       0
       0
       0
       1
       0
       0
       0
       0
       1
       0
       0
       0
       1
       0
       0
       1
       0
       1
       0
       0
       0
       0
       2
       0
       1
       0
       1
       0
       1
       0
       0
       0
       0
       1
       1
       0
       1
       0
       0
       0
       1
       1
       0
       0
       1
       0
       0
       0
       0
       0
       0
       0
       0
       0
       0
       1
       1
       1
       0
       0
       0
       0
       0
       0
       0
       0
       0
       0
       0
       0
       0
       0
       0
       0
       0
       0
       0
       0
       0
       0
       0
       0
       0
       0
       0
       0
       0
       1
       1
       0
       0
       0
       0
       0
       0
       0
       0
       0
       0
       0
       0
       0
       0
       0
       0
       0
       0
       0
       0
       0
       0
       0
       0
       0
       0
       1
       0
       0
       0
       0
       0
       0
       0
       0
       1
       0
       0
       0
       0
       0
       1
       0
       0
       0
       0
       0
       0
       0
       0
       0
       0
       0
       0
       0
       0
       0
       0
       0
       0
       0
       0
       0
       0
       0
       0
       0
       0
       0
       0
       0
       0
       1
       0
       1
       1
       0
       0
       0
       0
       0
       0
       0
       0
       0
       0
       1
       0
       1
       0
       0
       1
       0
       0
       0
       0
       0
       0
       0
       0
       0
       0
       1
       0
       0
       0
       0
       0
       0
       0
       0
       0
       0
       0
       0
       1
       0
       0
       0
       0
       0
       0
       0
       0
       0
       0
       1
       0
       0
       0
       0
       0
       2
       0
       0
       0
       1
       0
       1
       0
       1
       2
       0
       0
       0
       0
       0
       0
       1
       0
       0
       1
       0
       0
       0
       0
       0
       0
       0
       0
       1
       0
       0
       1
       0
       0
       0
       0
       1
       1
       0
       0
       0
       1
       2
       0
       0
       0
       1
       0
       0
       0
       1
       0
       0
       0
       0
       0
       0
       0
       0
       2
       0
       0
       1
       0
       0
       0
       0
       1
       0
       0
       1
       0
       1
       1
       0
       0
       0
       0
       0
       0
       0
       0
       0
       0
       0
       0
       0
       0
       0
       0
       0
       0
       0
       0
       0
       0
       0
       0
       0
       1
       0
       0
       0
       0
       0
       0
       0
       0
       1
       0
       0
       0
       0
       0
       0
       0
       0
       0
       0
       0
       0
       0
       0
       0
       0
       0
       0
       0
       0
       0
       0
       0
       0
       0
       0
       0
       0
       0
       0
       0
       0
       0
       0
       0
       0
       0
       0
       0
       0
       0
       0
       0
       0
       0
       0
       0
       0
       0
       0
       0
       0
       0
       0
       0
       0
       0
       0
       0
       0
       0
       0
       0
       0
       0
       0
       0
       0
       0
       0
       0
       1
       0
       0
       0
       0
       0
       0
       0
       0
       0
       0
       0
       0
       0
       0
       0
       0
       0
       0
       0
       0
       0
       0
       0
       0
       0
       0
       0
       0
       0
       0
       0
       0
       0
       0
       0
       0
       0
       0
       0
       0
       0
       0
       0
       0
       0
       0
       0
       0
       0
       0
       0
       0
       0
       0
       0
       0
       0
       0
       0
       0
       0
       0
       0
       0
       0
       0
       0
       0
       0
       0
       0
       0
       0
       0
       0
       0
       0
       0
       0
       0
       0
       0
       0
       0
       0
       1
       0
       0
       0
       0
       0
       0
       0
       0
       0
       0
       0
       1
       0
       0
       0
       0
       0
       0
       0
       0
       0
       0
       0
       0
       0
       0
       0
       0
       0
       0
       0
       0
       0
       0
       0
       0
       0
       0
       0
       0
       0
       0
       0
       0
       0
$ROI:
0
$PRESETS:
Real Time
300
0
$ENER_FIT:
0.000000 0.000000
$MCA_CAL:
3
0.000000E+000 0.000000E+000 0.000000E+000 
$SHAPE_CAL:
3
0.000000E+000 0.000000E+000 0.000000E+000
