$SPEC_ID:
No sample description was entered.
$SPEC_REM:
DET# 13001
DETDESC# TL-101B-04 Easy-MCA-2k SN 11350422
AP# Maestro Version 7.01
$DATE_MEA:
03/07/2024 18:20:16
$MEAS_TIM:
298 300
$DATA:
0 2047
       0
       0
       0
       0
       0
       0
       0
       0
       0
       0
       0
       0
       0
       0
       0
       0
       0
       0
       0
      22
      96
      72
      72
      66
      84
      63
      76
      75
      80
      82
      77
      84
      84
      96
     110
      96
      84
     102
     101
      86
      89
     115
     125
     128
     118
     145
     163
     142
     167
     160
     158
     195
     199
     167
     175
     209
     214
     216
     217
     225
     227
     205
     231
     235
     244
     235
     225
     198
     278
     254
     289
     234
     271
     236
     260
     248
     252
     252
     285
     245
     243
     261
     279
     237
     290
     243
     259
     269
     249
     294
     270
     267
     247
     260
     266
     236
     264
     267
     266
     242
     254
     284
     233
     217
     258
     249
     253
     243
     223
     245
     226
     232
     244
     222
     223
     233
     243
     223
     221
     213
     210
     200
     206
     221
     245
     201
     194
     190
     212
     186
     203
     211
     196
     193
     197
     209
     197
     195
     203
     204
     204
     185
     183
     172
     195
     192
     194
     187
     181
     201
     184
     192
     184
     175
     187
     160
     163
     177
     161
     167
     176
     178
     122
     167
     152
     179
     169
     155
     176
     146
     134
     145
     162
     132
     137
     138
     129
     145
     153
     138
     133
     126
     125
     123
     121
     123
     107
     120
     118
     102
     102
     108
     114
     111
     111
      88
     107
     100
      90
      96
     112
      97
      75
      96
      96
      94
      87
      90
      92
      83
      89
      80
      84
      76
      85
      90
      91
      84
      91
      72
      71
      77
      86
      65
      57
      78
      72
      71
      81
      87
      71
      69
      78
      74
      81
      73
      78
      76
      68
      74
      72
      76
      69
      62
      76
      66
      63
      69
      63
      60
      80
      58
      63
      60
      88
      67
      62
      87
      66
      70
      70
      69
      68
      78
      67
      62
      67
      63
      57
      56
      53
      57
      63
      53
      50
      56
      66
      53
      60
      59
      70
      58
      46
      52
      55
      55
      59
      56
      56
      57
      57
      63
      55
      54
      59
      60
      54
      54
      47
      66
      46
      70
      65
      54
      57
      57
      45
      57
      44
      44
      61
      45
      54
      51
      48
      48
      51
      45
      37
      62
      51
      63
      41
      48
      44
      45
      45
      54
      42
      41
      42
      58
      39
      54
      39
      43
      53
      34
      28
      37
      37
      39
      45
      32
      36
      36
      34
      41
      38
      34
      34
      34
      32
      34
      47
      41
      42
      36
      30
      40
      38
      36
      39
      30
      41
      26
      33
      34
      25
      38
      27
      21
      34
      31
      41
      24
      31
      36
      29
      39
      32
      34
      43
      25
      26
      32
      31
      30
      26
      24
      34
      22
      38
      32
      41
      22
      22
      31
      35
      25
      35
      21
      23
      35
      25
      24
      31
      41
      21
      31
      35
      26
      30
      24
      32
      34
      27
      30
      30
      35
      36
      38
      37
      37
      36
      35
      50
      33
      34
      51
      40
      28
      36
      43
      36
      33
      44
      44
      60
      46
      57
      64
      55
      68
      76
      60
      82
      85
     103
      89
      69
      94
     105
     105
      87
      97
     104
     110
     120
     129
     136
     118
     128
     122
     124
     121
     132
     139
     132
     125
     115
     115
     112
     130
     100
     108
     119
      97
      87
      98
      81
      60
      72
      62
      72
      62
      59
      47
      48
      36
      52
      42
      25
      30
      27
      24
      23
      20
      31
      23
      10
      20
      12
      18
      24
      14
      13
       5
       4
       6
       5
       9
       4
       6
       7
       4
       5
       6
       6
       8
       1
       2
       4
       2
       2
       5
       3
       4
       3
       1
       5
       4
       2
       3
       5
       6
       3
       6
       8
       5
       5
       4
       5
       5
       5
       4
       7
       2
       5
       3
       2
       5
       2
       3
       1
       8
       6
       4
       5
       3
       4
       1
       5
       2
       6
       5
       2
       7
       8
       5
       8
       2
       4
       3
       3
       1
       9
       3
       2
       6
       9
       3
       1
       3
       5
       2
       2
       4
       4
       5
       5
       1
       3
       4
       2
       8
       1
       4
       0
       4
       1
       7
       3
       4
       2
       4
       1
       5
       5
       3
       2
       2
       7
       3
       4
       3
       4
       4
       5
       3
       6
       4
       7
       2
       2
       2
       4
       2
       2
       6
       5
       3
       3
       8
       4
       7
       5
       5
       4
       5
       1
       3
       3
       5
      10
       2
       5
       3
       4
       3
       4
       2
       1
       5
       4
       3
      11
       4
       3
       1
       1
       5
       3
       2
       5
       2
       4
       1
       6
       2
       3
       6
       1
       3
       4
       3
       4
       2
       7
       5
       6
       1
       3
       3
       4
       0
       3
       4
       1
       0
       5
       3
       3
       0
       3
       2
       6
       1
       2
       3
       5
       5
       0
       2
       4
       2
       1
       1
       2
       1
       2
       1
       1
       1
       3
       4
       2
       1
       3
       2
       1
       1
       6
       1
       2
       5
       1
       1
       6
       0
       1
       1
       4
       2
       5
       4
       2
       0
       2
       4
       3
       3
       0
       3
       2
       0
       5
       3
       2
       5
       1
       1
       4
       1
       1
       2
       2
       4
       1
       2
       1
       3
       2
       3
       4
       1
       1
       2
       1
       7
       2
       4
       2
       0
       6
       0
       5
       5
       3
       1
       5
       0
       2
       0
       3
       2
       4
       2
       4
       1
       0
       3
       0
       2
       3
       2
       6
       2
       0
       0
       1
       3
       3
       1
       6
       6
       3
       4
       2
       3
       6
       6
       5
       4
       4
       2
       2
       4
       4
       1
       3
       7
       0
       2
       7
       1
       4
       2
       4
       1
       2
       4
       3
       4
       1
       0
       2
       1
       3
       2
       3
       0
       2
       0
       3
       0
       1
       1
       2
       1
       4
       2
       0
       0
       1
       1
       2
       4
       1
       1
       2
       1
       1
       3
       1
       1
       2
       1
       1
       3
       2
       3
       0
       1
       3
       0
       1
       1
       1
       3
       2
       2
       1
       0
       1
       0
       1
       3
       2
       3
       0
       0
       1
       3
       1
       2
       1
       1
       0
       3
       4
       2
       2
       1
       3
       1
       1
       0
       5
       1
       1
       1
       3
       1
       1
       2
       4
       3
       2
       0
       1
       1
       2
       2
       3
       0
       4
       1
       0
       2
       3
       2
       1
       1
       2
       0
       1
       0
       0
       1
       1
       1
       0
       3
       0
       2
       0
       1
       0
       3
       4
       3
       0
       0
       1
       3
       1
       1
       1
       0
       1
       1
       3
       0
       5
       4
       3
       1
       6
       2
       3
       2
       2
       2
       2
       4
       0
       1
       5
       3
       2
       1
       2
       6
       4
       3
       3
       3
       2
       0
       4
       1
       5
       2
       3
       5
       6
       6
       5
       1
       9
       5
       3
       3
       6
       0
       6
       5
       4
       7
       5
       5
       2
       4
       5
       3
       3
       3
       4
       0
       5
       5
       5
       2
       1
       3
       4
       2
       3
       1
       1
       3
       1
       2
       2
       2
       6
       4
       0
       3
       1
       3
       0
       1
       2
       2
       1
       0
       2
       0
       1
       0
       1
       1
       1
       2
       1
       0
       1
       3
       1
       0
       1
       1
       1
       1
       0
       0
       1
       0
       1
       1
       0
       0
       1
       2
       0
       0
       0
       0
       0
       0
       0
       0
       1
       0
       0
       0
       0
       2
       0
       1
       1
       0
       0
       0
       0
       1
       0
       0
       2
       0
       1
       1
       2
       0
       0
       1
       1
       0
       0
       0
       1
       0
       1
       1
       0
       0
       2
       0
       0
       1
       0
       0
       2
       1
       1
       1
       0
       0
       3
       0
       0
       0
       0
       0
       0
       0
       0
       2
       1
       0
       0
       0
       0
       1
       1
       0
       1
       1
       0
       1
       0
       0
       1
       1
       1
       0
       0
       1
       2
       1
       0
       0
       1
       0
       0
       0
       2
       0
       0
       1
       0
       1
       0
       0
       1
       2
       0
       1
       1
       0
       0
       0
       1
       2
       1
       0
       2
       0
       2
       2
       0
       0
       0
       0
       0
       0
       1
       0
       1
       0
       0
       0
       0
       0
       0
       0
       0
       0
       1
       2
       1
       0
       0
       2
       0
       0
       0
       0
       1
       2
       0
       0
       1
       1
       1
       1
       1
       0
       0
       1
       0
       1
       2
       0
       0
       1
       0
       1
       0
       0
       0
       0
       0
       0
       0
       1
       0
       1
       1
       0
       1
       0
       1
       2
       0
       0
       0
       1
       0
       0
       0
       0
       0
       0
       0
       0
       0
       0
       1
       0
       0
       0
       0
       0
       0
       1
       1
       1
       0
       0
       0
       0
       0
       0
       0
       0
       0
       0
       0
       0
       0
       1
       0
       0
       0
       0
       1
       0
       0
       0
       1
       0
       0
       0
       0
       0
       1
       0
       0
       0
       0
       0
       0
       0
       1
       0
       0
       0
       0
       0
       0
       0
       0
       0
       2
       1
       0
       1
       0
       0
       0
       0
       0
       0
       0
       0
       0
       0
       0
       0
       0
       1
       1
       0
       1
       0
       1
       0
       2
       2
       0
       1
       0
       0
       0
       0
       0
       0
       0
       0
       0
       0
       0
       0
       1
       0
       0
       1
       1
       0
       0
       1
       0
       0
       1
       1
       0
       0
       0
       0
       0
       1
       0
       0
       0
       0
       0
       0
       0
       0
       0
       0
       0
       0
       0
       0
       0
       0
       0
       0
       0
       0
       0
       0
       2
       0
       0
       0
       0
       0
       1
       1
       0
       0
       1
       0
       0
       0
       1
       1
       2
       0
       0
       0
       1
       0
       1
       0
       0
       1
       0
       0
       3
       1
       0
       0
       1
       0
       0
       0
       0
       0
       0
       0
       0
       0
       0
       0
       0
       0
       1
       1
       0
       1
       0
       0
       1
       1
       1
       0
       0
       0
       0
       2
       0
       0
       0
       0
       1
       0
       0
       1
       1
       0
       1
       0
       0
       1
       1
       0
       1
       1
       1
       0
       0
       0
       0
       1
       0
       0
       0
       0
       1
       1
       0
       1
       2
       1
       0
       0
       0
       1
       0
       0
       0
       0
       1
       0
       0
       0
       1
       0
       1
       0
       0
       1
       1
       0
       0
       0
       0
       1
       0
       0
       1
       1
       0
       0
       0
       0
       0
       0
       0
       1
       0
       0
       0
       0
       0
       0
       0
       0
       0
       0
       0
       0
       0
       1
       1
       1
       0
       0
       1
       0
       0
       0
       1
       1
       0
       1
       2
       0
       0
       0
       0
       0
       0
       0
       0
       0
       0
       0
       0
       0
       1
       0
       0
       0
       0
       0
       1
       0
       0
       0
       0
       0
       0
       0
       0
       0
       0
       0
       0
       0
       0
       0
       0
       0
       0
       0
       1
       0
       0
       0
       0
       0
       0
       0
       1
       0
       0
       0
       0
       0
       0
       0
       0
       1
       0
       0
       0
       0
       0
       0
       0
       1
       0
       0
       0
       0
       0
       0
       0
       0
       1
       0
       0
       1
       0
       0
       0
       0
       0
       0
       0
       0
       0
       0
       0
       1
       0
       0
       0
       0
       0
       0
       0
       0
       0
       0
       1
       0
       0
       0
       0
       0
       0
       0
       0
       0
       0
       0
       0
       0
       0
       0
       0
       0
       1
       0
       0
       0
       0
       0
       0
       0
       0
       1
       0
       0
       0
       0
       0
       0
       0
       0
       0
       0
       0
       0
       0
       1
       0
       0
       0
       0
       0
       0
       0
       0
       0
       0
       0
       0
       0
       0
       0
       0
       1
       0
       0
       0
       0
       0
       0
       0
       0
       0
       0
       0
       0
       0
       0
       0
       0
       0
       0
       1
       0
       0
       1
       1
       0
       0
       1
       0
       1
       2
       0
       0
       1
       0
       0
       1
       0
       0
       0
       0
       1
       0
       0
       0
       0
       1
       1
       1
       0
       0
       1
       0
       0
       0
       0
       0
       1
       0
       1
       0
       1
       0
       0
       0
       1
       0
       0
       0
       1
       1
       0
       0
       1
       0
       0
       1
       1
       0
       0
       0
       1
       0
       0
       1
       0
       0
       1
       0
       0
       0
       0
       0
       0
       0
       1
       0
       1
       0
       0
       0
       0
       0
       0
       0
       0
       0
       0
       0
       0
       0
       0
       0
       0
       1
       0
       0
       0
       0
       0
       0
       0
       0
       0
       0
       0
       0
       0
       1
       0
       0
       0
       0
       0
       0
       0
       0
       0
       0
       0
       0
       0
       0
       0
       0
       0
       0
       0
       0
       0
       0
       0
       0
       0
       0
       0
       0
       0
       0
       1
       0
       0
       1
       0
       0
       0
       0
       0
       0
       0
       0
       0
       0
       0
       0
       0
       0
       0
       1
       0
       0
       0
       0
       0
       0
       0
       0
       0
       0
       0
       0
       0
       0
       0
       0
       1
       0
       0
       0
       0
       0
       0
       0
       0
       0
       0
       0
       0
       0
       0
       0
       0
       0
       0
       0
       0
       0
       0
       0
       0
       0
       0
       0
       0
       0
       0
       0
       0
       0
       0
       1
       0
       0
       0
       0
       0
       0
       0
       0
       0
       0
       0
       0
       0
       0
       0
       0
       0
       0
       0
       0
       0
       0
       0
       0
       0
       0
       0
       0
       0
       0
       1
       0
       0
       0
       0
       0
       0
       0
       0
       0
       0
       0
       0
       0
       0
       0
       0
       0
       0
       0
       0
       0
       0
       0
       0
       0
       1
       0
       0
       0
       0
       0
       0
       0
       0
       1
       0
       0
       0
       0
       0
       0
       0
       0
       0
       0
       0
       0
       0
       0
       0
       0
       0
       0
       0
       0
       0
       0
       0
       0
       0
       0
       0
       0
       0
       0
       0
       0
$ROI:
0
$PRESETS:
Real Time
300
0
$ENER_FIT:
0.000000 0.000000
$MCA_CAL:
3
0.000000E+000 0.000000E+000 0.000000E+000 
$SHAPE_CAL:
3
0.000000E+000 0.000000E+000 0.000000E+000
