$SPEC_ID:
No sample description was entered.
$SPEC_REM:
DET# 13001
DETDESC# TL-101B-04 Easy-MCA-2k SN 11350422
AP# Maestro Version 7.01
$DATE_MEA:
03/07/2024 18:02:09
$MEAS_TIM:
299 300
$DATA:
0 2047
       0
       0
       0
       0
       0
       0
       0
       0
       0
       0
       0
       0
       0
       0
       0
       0
       0
       0
       0
      19
      55
      60
      59
      58
      59
      45
      54
      63
      63
      69
      41
      49
      56
      57
      57
      56
      70
      78
      78
      88
      79
      93
      91
     115
     105
     105
     114
     114
     138
     129
     145
     142
     135
     138
     159
     152
     149
     185
     170
     163
     202
     176
     183
     178
     193
     193
     205
     216
     208
     235
     219
     208
     242
     227
     207
     207
     200
     219
     220
     221
     199
     221
     216
     211
     220
     214
     233
     200
     194
     207
     196
     202
     218
     184
     191
     195
     212
     191
     188
     209
     187
     199
     197
     181
     176
     211
     183
     203
     186
     161
     165
     178
     190
     161
     167
     184
     143
     161
     150
     150
     177
     165
     158
     147
     135
     153
     152
     146
     182
     142
     166
     151
     141
     139
     139
     142
     136
     153
     124
     151
     126
     126
     147
     110
     129
     141
     111
     122
     142
     110
     102
     106
     133
     117
     147
     115
     124
     118
     105
     103
     124
     120
     101
      84
     112
     114
     101
      91
      86
     111
      97
      96
      99
      88
      94
     110
      92
     104
     103
      83
      89
      83
      86
      85
      70
      85
      73
      87
      86
      75
      62
      88
      80
      68
      72
      80
      79
      63
      68
      67
      47
      73
      58
      74
      58
      56
      61
      59
      60
      52
      60
      73
      62
      60
      52
      58
      64
      50
      55
      70
      60
      58
      45
      56
      47
      61
      47
      38
      52
      43
      50
      52
      44
      51
      50
      49
      44
      44
      67
      40
      53
      47
      47
      52
      48
      45
      48
      51
      42
      31
      45
      46
      53
      46
      47
      49
      51
      42
      48
      36
      49
      43
      44
      39
      35
      33
      32
      43
      49
      39
      39
      37
      29
      34
      35
      33
      36
      27
      41
      28
      42
      30
      24
      36
      34
      38
      44
      31
      36
      24
      28
      31
      23
      31
      25
      34
      37
      33
      36
      39
      33
      27
      32
      29
      29
      32
      24
      34
      26
      23
      21
      23
      31
      28
      26
      20
      22
      33
      26
      35
      24
      31
      38
      26
      28
      27
      25
      23
      30
      28
      22
      18
      25
      31
      30
      32
      26
      20
      25
      29
      21
      20
      15
      23
      21
      27
      22
      17
      20
      23
      34
      28
      21
      14
      28
      22
      18
      28
      26
      24
      23
      18
      20
      27
      26
      30
      17
      23
      16
      17
      19
      26
      14
      19
      16
      17
      20
      14
      24
      16
      16
      19
      23
      26
      21
      19
      21
      18
      14
      12
      16
      17
      20
      24
      19
      18
      13
      24
      20
      20
      28
      22
      18
      16
      14
      18
      16
      13
      17
      19
      22
      17
      22
      23
      16
      17
      22
      21
      28
      23
      13
      19
      21
      21
      20
      15
      16
      21
      23
      19
      21
      22
      18
      15
      24
      19
      18
      21
      26
      18
      19
      17
      20
      21
      22
      20
      23
      31
      24
      26
      33
      30
      24
      30
      28
      29
      30
      39
      32
      31
      36
      34
      40
      35
      31
      40
      35
      29
      32
      34
      29
      36
      33
      33
      39
      24
      36
      32
      33
      25
      26
      23
      26
      18
      26
      26
      20
      14
      10
      20
      12
      21
      15
      11
      10
       8
       8
       8
      10
       7
       4
       8
       7
       2
       7
       3
       5
       8
       6
       7
      12
       6
       4
       8
       2
       7
       4
       1
       7
       6
       2
      11
       4
       9
       5
       5
       4
       6
       2
       2
       5
       4
       3
       7
       1
       9
       1
       5
       6
       2
       7
       9
       4
       2
       9
       5
       4
       4
       4
       4
       2
       3
       3
       4
       2
       1
       4
       2
       3
       1
       3
       1
       4
       6
       4
       2
       7
       3
       2
       7
       5
       1
       3
       4
       3
       7
       3
       2
       3
       5
       5
       4
       2
       8
       3
       3
       2
       5
       7
       4
       4
       2
       4
       3
       4
       5
       3
       2
       0
       1
       2
       2
       5
       2
       5
       6
       4
       6
       5
       4
       3
       1
       1
       3
       2
       4
       7
       2
       4
       3
       4
       4
       4
       3
       1
       8
       1
       3
       4
       5
       6
       6
       4
       3
       5
       0
       1
       2
       3
       9
       6
       5
       3
       5
       2
       6
       2
       2
       5
       4
       3
       5
       3
       3
       3
       3
       3
       1
       5
       4
       4
       3
       4
       4
      10
       3
       2
       1
       6
       2
       4
       1
       3
       2
       6
       3
       3
       2
       4
       3
       2
       1
       4
       2
       8
       0
       1
       2
       1
       2
       1
       0
       3
       7
       4
       2
       6
       1
       3
       4
       4
       1
       3
       3
       2
       2
       5
       2
       5
       2
       3
       1
       3
       2
       1
       2
       5
       3
       2
       3
       2
       1
       4
       1
       5
       2
       8
       1
       3
       0
       3
       2
       2
       4
       2
       3
       1
       3
       3
       4
       4
       4
       6
       3
       2
       3
       2
       0
       3
       2
       3
       2
       2
       2
       3
       4
       1
       6
       3
       1
       4
       1
       5
       5
       8
       2
       0
       2
       3
       0
       0
       6
       1
       1
       1
       3
       7
       1
       2
       1
       2
       2
       5
       2
       2
       1
       3
       0
       4
       1
       2
       3
       3
       1
       4
       4
       1
       0
       3
       1
       5
       0
       7
       3
       3
       2
       4
       1
       1
       5
       2
       2
       2
       2
       1
       3
       3
       3
       0
       1
       1
       4
       1
       0
       1
       2
       0
       1
       1
       1
       4
       3
       1
       1
       0
       1
       1
       0
       1
       3
       2
       1
       2
       0
       1
       0
       1
       2
       3
       1
       1
       2
       2
       4
       1
       2
       1
       2
       1
       1
       1
       4
       2
       1
       4
       2
       3
       1
       1
       0
       5
       1
       1
       3
       0
       2
       4
       2
       1
       0
       3
       1
       1
       2
       2
       2
       1
       3
       1
       2
       1
       5
       1
       0
       1
       0
       3
       1
       2
       0
       0
       2
       0
       0
       2
       3
       1
       2
       1
       2
       1
       2
       0
       2
       0
       2
       0
       2
       1
       1
       3
       2
       0
       0
       2
       2
       2
       0
       0
       0
       1
       1
       2
       2
       2
       1
       2
       0
       2
       0
       2
       3
       0
       1
       2
       0
       1
       0
       1
       1
       1
       3
       2
       1
       2
       2
       1
       2
       2
       1
       1
       1
       2
       0
       4
       1
       0
       0
       3
       1
       3
       2
       0
       1
       1
       1
       3
       3
       1
       3
       0
       2
       2
       1
       2
       6
       3
       6
       3
       0
       2
       1
       4
       1
       2
       2
       3
       3
       3
       3
       4
       1
       3
       3
       5
       3
       4
       0
       0
       5
       2
       0
       6
       5
       5
       6
       4
       1
       3
       2
       6
       2
       4
       2
       2
       0
       4
       2
       2
       6
       3
       3
       2
       3
       2
       2
       3
       3
       2
       2
       2
       0
       0
       1
       3
       2
       0
       0
       0
       2
       0
       1
       0
       2
       0
       0
       3
       0
       0
       1
       1
       1
       1
       0
       0
       0
       0
       1
       2
       0
       0
       1
       0
       3
       2
       1
       0
       2
       1
       0
       2
       0
       1
       1
       1
       0
       1
       1
       1
       0
       0
       0
       0
       0
       2
       0
       0
       0
       0
       0
       0
       0
       1
       1
       1
       1
       0
       0
       1
       0
       0
       0
       1
       0
       0
       2
       1
       2
       0
       0
       0
       2
       1
       1
       0
       0
       1
       0
       0
       1
       2
       1
       1
       1
       0
       1
       0
       2
       0
       1
       0
       0
       2
       0
       2
       0
       1
       0
       4
       2
       2
       0
       0
       0
       0
       0
       0
       0
       1
       0
       0
       0
       0
       0
       1
       1
       1
       0
       1
       0
       0
       0
       0
       0
       1
       1
       1
       0
       0
       0
       1
       0
       0
       1
       1
       1
       0
       0
       0
       1
       0
       0
       0
       1
       0
       1
       0
       2
       2
       0
       2
       0
       0
       0
       0
       0
       1
       0
       1
       3
       0
       1
       0
       1
       0
       0
       0
       1
       1
       1
       0
       0
       0
       1
       0
       0
       0
       1
       1
       0
       0
       2
       0
       1
       0
       0
       0
       0
       1
       0
       0
       0
       0
       0
       0
       1
       0
       0
       0
       2
       1
       0
       1
       0
       0
       2
       0
       0
       0
       0
       0
       0
       1
       0
       0
       2
       1
       0
       0
       1
       0
       0
       0
       1
       0
       0
       0
       1
       0
       1
       1
       2
       1
       0
       0
       0
       0
       0
       0
       1
       1
       0
       0
       0
       1
       0
       0
       0
       0
       0
       0
       0
       0
       0
       0
       0
       0
       0
       0
       0
       0
       0
       0
       0
       0
       0
       0
       1
       0
       0
       0
       0
       0
       1
       0
       0
       0
       0
       0
       0
       0
       0
       0
       1
       0
       0
       0
       0
       0
       0
       1
       1
       0
       0
       1
       0
       0
       1
       0
       0
       0
       0
       0
       0
       0
       0
       0
       0
       0
       2
       0
       0
       0
       0
       1
       0
       0
       1
       0
       0
       0
       0
       0
       0
       0
       0
       1
       0
       0
       0
       0
       0
       0
       0
       1
       0
       1
       0
       0
       0
       0
       0
       1
       0
       1
       0
       0
       0
       0
       0
       0
       0
       0
       0
       1
       0
       0
       1
       1
       0
       0
       0
       0
       1
       0
       0
       0
       1
       2
       0
       0
       0
       0
       0
       0
       0
       0
       1
       0
       1
       2
       0
       0
       1
       0
       0
       0
       0
       0
       1
       1
       0
       0
       2
       0
       1
       0
       0
       1
       0
       0
       0
       0
       0
       0
       0
       0
       1
       0
       0
       1
       0
       0
       0
       0
       0
       1
       1
       1
       1
       0
       0
       0
       2
       0
       0
       0
       0
       0
       1
       0
       0
       0
       0
       0
       0
       0
       0
       1
       0
       1
       0
       1
       0
       0
       0
       1
       0
       0
       0
       1
       1
       0
       0
       1
       0
       0
       0
       0
       2
       0
       0
       0
       0
       1
       2
       0
       1
       1
       0
       1
       1
       0
       1
       0
       0
       1
       0
       0
       0
       0
       0
       1
       1
       0
       0
       0
       0
       0
       0
       0
       0
       1
       0
       1
       1
       0
       0
       0
       0
       0
       0
       0
       0
       0
       0
       0
       0
       0
       0
       0
       0
       0
       0
       0
       0
       0
       0
       0
       0
       0
       1
       0
       0
       1
       4
       1
       1
       0
       0
       1
       0
       0
       1
       0
       0
       0
       0
       0
       0
       0
       0
       0
       0
       0
       0
       2
       0
       0
       0
       0
       0
       0
       0
       0
       0
       1
       0
       0
       0
       0
       0
       0
       0
       0
       0
       0
       0
       0
       1
       0
       1
       0
       0
       0
       0
       1
       0
       0
       0
       0
       0
       0
       0
       1
       0
       1
       0
       0
       0
       0
       1
       0
       1
       0
       0
       0
       0
       0
       0
       1
       0
       0
       1
       0
       0
       0
       0
       0
       0
       0
       0
       1
       0
       0
       0
       0
       0
       0
       1
       0
       0
       0
       1
       0
       0
       0
       0
       0
       0
       1
       0
       0
       0
       0
       0
       0
       1
       0
       1
       1
       1
       0
       1
       0
       0
       0
       0
       0
       1
       0
       0
       1
       0
       0
       0
       0
       0
       0
       0
       0
       0
       0
       0
       0
       0
       0
       0
       0
       0
       0
       0
       0
       0
       0
       0
       0
       0
       0
       0
       0
       0
       0
       0
       0
       0
       0
       1
       1
       0
       0
       0
       0
       2
       0
       0
       0
       1
       1
       0
       0
       0
       0
       0
       0
       1
       0
       1
       0
       0
       0
       0
       0
       0
       0
       1
       0
       1
       1
       0
       0
       0
       2
       0
       0
       0
       0
       1
       0
       0
       1
       0
       0
       0
       0
       0
       1
       0
       1
       0
       0
       2
       1
       0
       0
       0
       1
       0
       0
       0
       0
       0
       1
       0
       0
       0
       0
       0
       0
       0
       1
       0
       0
       0
       1
       0
       0
       0
       0
       0
       0
       1
       2
       0
       0
       0
       0
       0
       0
       0
       2
       0
       0
       0
       0
       0
       0
       0
       0
       0
       0
       0
       0
       0
       0
       0
       0
       0
       0
       0
       0
       0
       0
       0
       0
       0
       0
       0
       0
       0
       0
       0
       0
       0
       0
       0
       0
       0
       0
       0
       0
       0
       0
       0
       1
       0
       0
       0
       0
       0
       0
       0
       0
       0
       0
       0
       0
       0
       0
       0
       0
       0
       0
       0
       0
       0
       0
       0
       0
       1
       0
       0
       0
       0
       0
       0
       0
       0
       0
       0
       0
       0
       0
       1
       0
       1
       0
       0
       0
       0
       0
       0
       0
       0
       0
       0
       0
       0
       0
       1
       0
       0
       0
       0
       0
       0
       0
       0
       0
       0
       0
       0
       0
       0
       0
       0
       0
       0
       0
       0
       0
       0
       0
       0
       0
       0
       0
       0
       0
       0
       0
       0
       0
       0
       0
       0
       0
       0
       0
       0
       0
       0
       0
       0
       0
       0
       0
       0
       0
       0
       0
       0
       0
       0
       0
       0
       0
       1
       0
       0
       0
       0
       0
       0
       0
       0
       0
       0
       0
       0
       1
       0
       0
       0
       0
       0
       0
       0
       0
       0
       0
       0
       1
       0
       0
       0
       0
       0
       0
       0
       0
       0
       0
       0
       0
       0
       0
       0
       0
       0
       0
       0
       0
       0
       0
       0
       0
       0
       0
       0
       0
       0
       0
       0
       0
       0
       0
       0
$ROI:
0
$PRESETS:
Real Time
300
0
$ENER_FIT:
0.000000 0.000000
$MCA_CAL:
3
0.000000E+000 0.000000E+000 0.000000E+000 
$SHAPE_CAL:
3
0.000000E+000 0.000000E+000 0.000000E+000
