$SPEC_ID:
No sample description was entered.
$SPEC_REM:
DET# 13001
DETDESC# TL-101B-04 Easy-MCA-2k SN 11350422
AP# Maestro Version 7.01
$DATE_MEA:
03/07/2024 18:09:33
$MEAS_TIM:
298 300
$DATA:
0 2047
       0
       0
       0
       0
       0
       0
       0
       0
       0
       0
       0
       0
       0
       0
       0
       0
       0
       0
       0
      16
      76
      60
      59
      49
      62
      43
      73
      57
      74
      57
      59
      69
      67
      53
      68
      72
      78
      79
      75
      75
      99
      96
     110
     103
      96
     134
     152
     120
     114
     143
     132
     163
     162
     173
     169
     171
     197
     208
     190
     198
     202
     220
     201
     229
     213
     199
     231
     213
     233
     237
     231
     212
     229
     207
     238
     202
     220
     208
     232
     239
     258
     215
     230
     245
     224
     224
     236
     227
     234
     222
     239
     219
     221
     235
     216
     236
     245
     197
     233
     211
     230
     218
     208
     206
     197
     195
     221
     201
     195
     178
     219
     172
     183
     180
     192
     175
     144
     165
     183
     163
     155
     161
     173
     173
     194
     178
     192
     156
     166
     155
     176
     179
     145
     162
     144
     146
     131
     163
     151
     155
     160
     164
     154
     146
     142
     128
     134
     130
     135
     128
     134
     133
     147
     132
     120
     133
     130
     130
     129
     133
     127
     129
     116
     108
     106
     109
     104
     112
     119
     110
     106
     110
      97
     105
      77
      98
     103
     107
      87
      95
      83
     104
      93
      96
     102
      84
      79
      79
      99
      86
      76
      80
      87
      73
      78
      79
      79
      73
      80
      79
      79
      72
      81
      75
      74
      83
      72
      87
      62
      66
      68
      69
      59
      61
      68
      69
      57
      64
      65
      67
      53
      62
      55
      58
      59
      50
      72
      63
      56
      57
      58
      59
      44
      48
      62
      54
      54
      66
      52
      49
      63
      55
      54
      56
      57
      64
      47
      53
      52
      36
      55
      63
      57
      55
      50
      49
      50
      48
      49
      48
      46
      45
      51
      64
      42
      44
      42
      53
      49
      54
      34
      34
      44
      47
      40
      38
      38
      27
      45
      50
      44
      39
      41
      36
      37
      44
      43
      44
      45
      36
      42
      33
      39
      39
      51
      30
      36
      35
      26
      35
      40
      20
      35
      33
      41
      31
      31
      38
      41
      42
      30
      44
      38
      38
      37
      45
      32
      29
      37
      34
      36
      39
      42
      33
      23
      36
      27
      36
      29
      33
      34
      33
      29
      22
      22
      31
      27
      30
      19
      27
      25
      37
      26
      31
      24
      25
      22
      28
      24
      30
      26
      37
      23
      23
      24
      30
      26
      25
      38
      21
      21
      35
      28
      23
      35
      23
      23
      21
      25
      25
      29
      27
      28
      27
      20
      29
      27
      21
      20
      23
      32
      27
      16
      25
      30
      24
      26
      23
      20
      34
      17
      24
      18
      16
      20
      23
      22
      24
      15
      24
      20
      20
      21
      22
      26
      20
      23
      24
      19
      22
      17
      32
      28
      24
      25
      18
      27
      24
      28
      32
      25
      23
      24
      27
      22
      23
      26
      27
      27
      28
      27
      35
      24
      25
      23
      21
      27
      29
      31
      25
      27
      32
      33
      35
      24
      31
      28
      43
      32
      36
      38
      35
      43
      64
      43
      48
      53
      45
      47
      43
      62
      50
      55
      55
      45
      48
      58
      48
      54
      52
      40
      56
      52
      45
      52
      52
      45
      40
      39
      19
      42
      36
      28
      27
      33
      31
      19
      19
      18
      20
      19
      12
      17
      19
      19
      11
      12
      12
      10
      17
       7
       8
       9
       5
      10
       7
       3
       3
       4
       8
       4
      12
       5
       5
       3
       8
       4
       9
      10
       6
       8
       7
       5
       2
       4
       7
       5
       6
       9
       5
       3
       7
       3
       3
       2
       3
       3
       4
       3
       3
       5
       4
       5
       4
       5
       4
       1
       5
       7
       0
       4
       9
       4
       4
       6
       4
       2
       3
       7
       2
       5
       2
       2
       3
       3
       5
       0
       4
       1
       3
       1
       3
       5
       1
       8
       2
       7
       6
       3
       3
       0
       3
       7
       0
       5
       4
       2
       4
       4
       1
       3
       4
       5
       1
       2
       5
       3
       3
       6
       6
       3
       3
       3
       1
       1
       2
       2
       7
       4
       2
       4
       1
       7
       4
       1
       4
       4
       2
       5
       5
       4
       1
       2
       5
       1
       7
       1
       3
       2
       3
       4
       4
       1
       7
       4
       5
       4
       6
       2
       3
       2
       1
       1
       4
       3
       5
       4
       6
       2
       8
       1
       2
       2
       3
       6
       4
       2
       5
       2
       2
       5
       4
       4
       5
       3
       1
       0
       5
       4
       3
       1
       3
       1
       2
       2
       2
       2
       7
       4
       5
       3
       1
       2
       3
       6
       3
       1
       5
       3
       3
       2
       3
       1
       3
       3
       7
       0
       1
       3
       0
       0
       1
       2
       3
       4
       2
       5
       4
       2
       2
       2
       5
       2
       3
       3
       2
       3
       3
       0
       5
       2
       1
       5
       3
       6
       3
       5
       4
       3
       4
       4
       5
       2
       0
       1
       2
       1
       4
       5
       0
       3
       3
       3
       4
       1
       4
       4
       1
       1
       3
       1
       1
       4
       2
       3
       3
       3
       2
       4
       2
       1
       5
       3
       3
       3
       5
       2
       0
       2
       1
       4
       7
       4
       3
       6
       1
       3
       2
       3
       2
       2
       1
       0
       0
       2
       3
       3
       0
       1
       3
       2
       2
       4
       4
       4
       2
       3
       1
       5
       1
       3
       4
       5
       2
       4
       2
       5
       0
       1
       3
       0
       2
       6
       0
       1
       4
       1
       1
       2
       5
       5
       2
       4
       2
       1
       1
       0
       4
       0
       3
       3
       1
       4
       1
       1
       1
       3
       2
       1
       1
       2
       1
       0
       1
       2
       1
       3
       2
       3
       0
       4
       1
       3
       1
       5
       2
       1
       1
       0
       0
       2
       2
       0
       2
       2
       0
       1
       0
       0
       3
       1
       1
       3
       1
       2
       2
       0
       2
       1
       2
       1
       1
       3
       1
       1
       0
       4
       4
       3
       1
       1
       2
       1
       3
       2
       3
       1
       1
       2
       2
       2
       2
       3
       1
       1
       1
       0
       1
       1
       0
       1
       1
       1
       1
       2
       0
       1
       2
       0
       2
       0
       1
       3
       2
       3
       1
       2
       2
       1
       2
       3
       1
       1
       0
       1
       2
       0
       1
       1
       3
       2
       2
       1
       0
       1
       4
       0
       1
       1
       0
       1
       3
       0
       0
       1
       2
       0
       2
       0
       1
       2
       3
       2
       2
       2
       2
       3
       1
       2
       3
       3
       3
       2
       4
       2
       1
       2
       4
       2
       4
       4
       5
       4
       2
       3
       4
       2
       3
       3
       1
       4
       4
       2
       3
       4
       3
       1
       4
       4
       0
       2
       2
       3
       6
      10
       3
       3
       4
       4
       4
       6
       6
       2
       1
       0
       2
       4
       6
       5
       2
       2
       3
       3
       4
       2
       3
       3
       3
       3
       1
       1
       3
       3
       3
       3
       1
       2
       2
       0
       2
       1
       0
       3
       1
       2
       1
       1
       3
       2
       0
       3
       1
       0
       0
       0
       4
       3
       1
       1
       2
       0
       1
       0
       0
       0
       1
       0
       1
       0
       0
       0
       1
       0
       0
       0
       1
       0
       0
       0
       1
       2
       1
       0
       1
       0
       0
       1
       0
       0
       0
       0
       1
       1
       1
       2
       0
       1
       0
       0
       0
       1
       0
       1
       1
       0
       0
       0
       1
       0
       0
       0
       0
       1
       0
       0
       1
       2
       0
       0
       1
       1
       1
       0
       0
       0
       1
       1
       0
       0
       1
       1
       0
       0
       2
       2
       0
       1
       1
       1
       2
       0
       1
       2
       2
       0
       2
       0
       1
       2
       0
       0
       1
       1
       0
       0
       1
       0
       0
       0
       0
       1
       0
       0
       1
       1
       1
       1
       0
       1
       0
       0
       0
       1
       0
       0
       0
       2
       0
       1
       0
       0
       0
       0
       0
       0
       0
       1
       1
       0
       0
       0
       0
       0
       0
       1
       0
       0
       1
       0
       0
       1
       0
       0
       2
       0
       2
       1
       0
       1
       0
       0
       0
       0
       1
       0
       1
       0
       0
       1
       1
       1
       0
       0
       2
       0
       0
       0
       0
       1
       0
       1
       1
       0
       1
       2
       0
       0
       0
       0
       0
       0
       0
       0
       0
       2
       0
       0
       1
       0
       0
       0
       0
       0
       1
       0
       0
       1
       1
       2
       1
       0
       0
       0
       1
       0
       1
       0
       2
       0
       0
       1
       0
       0
       0
       0
       0
       1
       1
       1
       0
       1
       0
       0
       0
       1
       0
       0
       0
       0
       0
       0
       0
       1
       0
       1
       0
       0
       0
       0
       0
       1
       0
       0
       0
       0
       0
       0
       0
       0
       0
       0
       0
       1
       1
       0
       1
       0
       0
       0
       0
       1
       0
       0
       0
       0
       0
       1
       0
       0
       0
       0
       0
       2
       0
       0
       0
       0
       0
       0
       0
       0
       0
       0
       0
       0
       0
       0
       0
       0
       0
       0
       0
       1
       1
       0
       0
       0
       0
       0
       1
       1
       1
       1
       0
       0
       0
       0
       1
       0
       0
       0
       0
       0
       0
       0
       0
       1
       0
       1
       0
       0
       0
       0
       0
       0
       0
       0
       0
       1
       1
       0
       1
       0
       0
       0
       0
       0
       0
       1
       0
       0
       1
       0
       1
       0
       0
       0
       0
       0
       0
       0
       0
       0
       0
       1
       0
       0
       0
       0
       0
       0
       1
       0
       0
       0
       0
       0
       0
       0
       0
       0
       0
       0
       1
       0
       0
       0
       0
       0
       0
       0
       0
       0
       0
       0
       0
       0
       0
       1
       0
       0
       0
       0
       0
       0
       0
       1
       0
       0
       0
       0
       0
       0
       0
       1
       0
       0
       0
       1
       0
       1
       0
       1
       0
       0
       0
       0
       0
       0
       2
       0
       0
       0
       0
       0
       1
       0
       1
       0
       0
       1
       1
       0
       0
       2
       0
       0
       0
       0
       1
       0
       1
       1
       0
       0
       0
       1
       0
       0
       1
       0
       1
       0
       0
       1
       1
       0
       0
       0
       0
       0
       0
       1
       0
       0
       0
       1
       1
       1
       0
       0
       0
       1
       0
       0
       1
       0
       1
       0
       0
       0
       0
       0
       1
       0
       0
       0
       0
       0
       0
       0
       1
       0
       0
       1
       0
       0
       0
       0
       0
       0
       1
       0
       0
       0
       2
       1
       1
       0
       0
       0
       0
       0
       0
       0
       0
       0
       1
       0
       0
       0
       0
       0
       0
       1
       0
       0
       0
       0
       0
       1
       0
       0
       0
       0
       0
       0
       0
       0
       0
       0
       0
       0
       0
       0
       0
       0
       0
       1
       0
       0
       0
       0
       0
       0
       0
       1
       0
       0
       0
       0
       0
       1
       0
       0
       0
       0
       0
       0
       0
       0
       0
       0
       0
       0
       0
       0
       0
       0
       0
       0
       0
       0
       0
       0
       0
       0
       0
       0
       0
       0
       0
       0
       1
       0
       0
       0
       0
       0
       0
       0
       0
       0
       0
       0
       0
       0
       0
       0
       0
       0
       0
       0
       0
       0
       0
       0
       0
       0
       0
       1
       0
       0
       0
       0
       0
       2
       0
       0
       0
       0
       1
       0
       0
       0
       0
       1
       0
       0
       0
       0
       0
       0
       0
       0
       0
       0
       0
       1
       0
       0
       0
       0
       0
       0
       0
       1
       0
       0
       0
       0
       1
       1
       0
       0
       0
       0
       0
       0
       0
       0
       0
       0
       1
       0
       0
       0
       0
       0
       0
       0
       0
       0
       0
       0
       0
       0
       0
       0
       1
       0
       0
       1
       0
       0
       1
       0
       1
       0
       0
       0
       0
       1
       0
       1
       0
       0
       0
       0
       1
       0
       2
       0
       0
       1
       0
       1
       0
       0
       0
       0
       0
       0
       0
       0
       0
       1
       0
       0
       0
       0
       1
       0
       0
       0
       0
       0
       0
       1
       0
       0
       0
       0
       0
       1
       0
       0
       0
       0
       0
       2
       0
       0
       1
       0
       0
       0
       0
       1
       0
       0
       0
       0
       0
       0
       0
       0
       0
       0
       0
       0
       0
       0
       1
       0
       0
       1
       0
       0
       0
       0
       0
       0
       0
       0
       0
       0
       0
       0
       0
       0
       0
       0
       0
       0
       0
       0
       0
       0
       0
       0
       0
       0
       0
       0
       0
       1
       0
       0
       0
       0
       0
       0
       0
       0
       0
       0
       0
       0
       0
       0
       0
       0
       0
       0
       0
       0
       0
       0
       0
       1
       0
       0
       0
       1
       0
       0
       0
       0
       0
       0
       0
       0
       0
       0
       0
       0
       0
       0
       0
       0
       0
       0
       0
       0
       0
       0
       0
       0
       0
       0
       0
       0
       0
       0
       0
       0
       0
       0
       0
       1
       0
       0
       0
       0
       0
       0
       0
       0
       0
       0
       0
       0
       0
       0
       0
       0
       0
       0
       0
       0
       0
       0
       0
       0
       0
       0
       0
       0
       0
       0
       0
       0
       0
       0
       0
       0
       0
       0
       0
       0
       0
       0
       0
       0
       0
       0
       1
       0
       0
       0
       0
       0
       0
       0
       0
       0
       0
       0
       0
       0
       0
       0
       0
       0
       0
       0
       0
       0
       0
       0
       0
       0
       0
       0
       0
       0
       0
       0
       0
       0
       0
       0
       0
       0
       0
       0
       0
       0
       0
       0
       0
       0
       0
       0
       0
       0
       0
       0
       0
       0
       0
       0
       0
       0
       0
       0
       0
       0
       0
       0
       0
       0
       0
       0
       0
       0
       0
$ROI:
0
$PRESETS:
Real Time
300
0
$ENER_FIT:
0.000000 0.000000
$MCA_CAL:
3
0.000000E+000 0.000000E+000 0.000000E+000 
$SHAPE_CAL:
3
0.000000E+000 0.000000E+000 0.000000E+000
