$SPEC_ID:
No sample description was entered.
$SPEC_REM:
DET# 13001
DETDESC# TL-101B-04 Easy-MCA-2k SN 11350422
AP# Maestro Version 7.01
$DATE_MEA:
03/07/2024 18:15:02
$MEAS_TIM:
298 300
$DATA:
0 2047
       0
       0
       0
       0
       0
       0
       0
       0
       0
       0
       0
       0
       0
       0
       0
       0
       0
       0
       0
      16
      70
      63
      72
      80
      65
      67
      66
      68
      75
      73
      78
      74
      82
      63
      73
      90
      91
      91
     103
      93
      93
      92
     116
     121
     147
     122
     116
     157
     160
     147
     172
     160
     167
     167
     187
     179
     196
     214
     204
     213
     207
     246
     199
     175
     246
     261
     238
     229
     209
     210
     249
     240
     244
     214
     234
     242
     247
     255
     226
     233
     280
     264
     230
     225
     253
     243
     257
     244
     255
     262
     270
     226
     253
     239
     234
     273
     236
     227
     221
     230
     212
     235
     237
     214
     227
     203
     237
     214
     224
     209
     218
     220
     206
     217
     213
     218
     193
     202
     177
     187
     178
     191
     189
     209
     186
     181
     184
     208
     182
     178
     188
     183
     168
     180
     179
     195
     205
     181
     165
     178
     177
     167
     180
     183
     169
     163
     156
     148
     154
     154
     154
     169
     161
     166
     161
     180
     153
     151
     136
     163
     131
     143
     144
     139
     139
     131
     141
     138
     124
     137
     134
     127
     118
     120
     113
     109
     120
     133
     114
     123
     106
     124
     107
     104
     103
     106
     109
      92
      93
      81
      78
      88
      84
      77
      81
      90
     105
      83
      78
      77
      84
      88
      80
      69
      82
      65
      63
      77
      86
      80
      94
      94
      70
      85
      73
      86
      74
      71
      82
      75
      64
      72
      71
      82
      66
      83
      63
      68
      70
      52
      66
      66
      56
      50
      70
      59
      68
      54
      57
      64
      63
      59
      43
      64
      65
      60
      66
      57
      43
      54
      51
      61
      54
      55
      61
      51
      51
      59
      52
      65
      56
      68
      47
      62
      61
      60
      54
      52
      42
      39
      69
      57
      39
      44
      54
      51
      51
      48
      38
      52
      54
      51
      37
      57
      56
      46
      43
      56
      49
      41
      50
      39
      37
      37
      36
      46
      49
      39
      34
      49
      49
      47
      45
      39
      56
      44
      48
      46
      40
      39
      34
      52
      38
      34
      35
      40
      39
      45
      44
      43
      46
      41
      42
      36
      31
      41
      37
      37
      44
      36
      40
      49
      41
      34
      31
      26
      31
      41
      36
      44
      31
      36
      43
      27
      34
      36
      30
      28
      42
      24
      23
      36
      42
      25
      41
      40
      29
      34
      30
      26
      33
      37
      31
      33
      43
      33
      30
      35
      31
      43
      27
      22
      26
      27
      28
      23
      33
      35
      17
      36
      22
      30
      25
      27
      20
      29
      24
      29
      29
      27
      23
      26
      35
      26
      30
      31
      19
      18
      26
      23
      32
      30
      33
      26
      25
      26
      21
      24
      22
      21
      28
      26
      25
      22
      24
      24
      16
      19
      26
      29
      30
      22
      26
      28
      24
      30
      30
      22
      34
      28
      27
      34
      32
      33
      29
      41
      46
      42
      40
      38
      41
      39
      49
      33
      38
      49
      52
      52
      57
      63
      63
      54
      72
      78
      69
      71
      63
      80
      78
      64
      79
      62
      79
      65
      72
      80
      79
      75
      81
      68
      85
      84
      92
      63
      72
      78
      58
      57
      65
      55
      43
      42
      60
      35
      45
      33
      41
      30
      24
      29
      26
      29
      14
      18
      21
      17
      15
      17
      10
      22
      18
      10
      14
       8
       7
       4
       4
       6
       3
       7
       9
       9
       3
       5
       9
       4
       6
       9
       5
       1
       6
       1
       6
       1
       5
       1
       2
       5
       7
       4
       3
       3
       4
       5
       3
       4
       1
       4
       6
       2
       2
       6
       6
       1
       0
       8
       5
       1
       5
       6
       5
       6
       4
       7
       8
       2
       2
       1
       7
       6
       3
       0
       3
       4
       3
       2
       4
       5
       3
       7
       2
       3
       4
       2
       6
       2
       6
       3
       4
       5
       5
       4
       5
       3
       3
       2
       4
       7
       6
       4
       1
       3
       5
       5
       2
       2
       1
       5
       3
       2
       1
       5
       7
       3
       5
       2
       2
       2
       3
       7
       4
       5
       4
       3
       7
       2
       4
       6
       1
       4
       7
       3
       4
       1
       4
       4
       7
       6
       6
       2
       7
       4
       0
      10
       5
       3
       7
       1
       7
       0
       8
       3
       2
       1
       4
       9
       6
       3
       3
       6
       5
       5
       1
       4
       6
       3
       5
       3
       7
       6
       3
       6
       2
       2
       2
       5
       3
       5
       4
       2
       5
       2
       8
       2
       2
       3
       2
       2
       1
       7
       1
       3
       5
       2
       5
       4
       3
       3
       2
       3
       3
       3
       1
       2
       0
       1
       2
       5
       3
       3
       8
       4
       4
       2
       1
       4
       4
       2
       0
       3
       4
       5
       4
       4
       4
       5
       2
       3
       2
       3
       1
       2
       3
       5
       1
       6
       2
       0
       0
       5
       3
       4
       6
       0
       1
       3
       1
       3
       1
       3
       6
       4
       4
       0
       3
       6
       1
       2
       3
       5
       4
       3
       3
       1
       3
       5
       4
       2
       7
       3
       2
       1
       3
       4
       2
       2
       5
       3
       0
       3
       1
       2
       1
       2
       2
       6
       1
       2
       4
       3
       1
       2
       4
       3
       2
       3
       5
       1
       2
       3
       3
       5
       2
       1
       4
       2
       2
       2
       3
       1
       3
       2
       0
       4
       1
       2
       2
       1
       5
       4
       2
       2
       2
       2
       0
       2
       3
       4
       6
       4
       1
       0
       2
       0
       1
       1
       1
       1
       4
       2
       1
       2
       3
       3
       1
       1
       4
       2
       4
       8
       1
       2
       3
       2
       1
       1
       1
       2
       3
       0
       0
       1
       2
       1
       2
       2
       2
       0
       0
       2
       1
       1
       1
       1
       2
       5
       3
       1
       2
       2
       2
       3
       5
       0
       0
       1
       4
       1
       0
       1
       1
       1
       4
       0
       4
       1
       1
       2
       0
       1
       0
       3
       1
       1
       1
       0
       1
       1
       2
       1
       0
       1
       0
       0
       0
       1
       0
       1
       1
       0
       0
       3
       3
       1
       1
       0
       1
       2
       1
       1
       0
       1
       2
       1
       2
       0
       2
       1
       1
       1
       0
       1
       0
       3
       2
       0
       1
       0
       2
       0
       2
       3
       1
       0
       2
       3
       1
       1
       0
       3
       1
       0
       3
       1
       0
       2
       2
       1
       2
       3
       0
       1
       1
       2
       3
       0
       3
       4
       2
       2
       1
       1
       2
       5
       2
       0
       3
       3
       2
       2
       2
       2
       2
       3
       3
       2
       1
       5
       2
       4
       2
       4
       4
       0
       3
       5
       4
       5
       2
       3
       2
       7
       5
       4
       2
       0
       3
       3
       2
       7
       0
       3
       4
       6
       1
       3
       3
       5
       0
       5
       2
       2
       4
       0
       3
       0
       5
       3
       3
       7
       3
       1
       3
       0
       3
       4
       0
       2
       2
       0
       1
       1
       3
       3
       0
       1
       3
       2
       1
       0
       4
       1
       0
       0
       0
       0
       0
       1
       0
       2
       2
       0
       1
       1
       1
       0
       0
       2
       3
       0
       0
       0
       1
       1
       2
       0
       0
       0
       2
       0
       0
       1
       1
       1
       1
       0
       0
       0
       0
       1
       0
       1
       1
       0
       0
       1
       1
       0
       0
       0
       0
       1
       1
       0
       1
       2
       0
       0
       1
       0
       2
       0
       4
       0
       1
       0
       0
       0
       0
       0
       0
       0
       1
       0
       1
       1
       0
       1
       1
       0
       1
       0
       0
       2
       0
       0
       0
       0
       1
       1
       0
       0
       0
       1
       0
       0
       0
       1
       1
       0
       0
       1
       2
       0
       0
       0
       0
       0
       0
       0
       0
       0
       0
       0
       0
       0
       1
       1
       0
       0
       2
       1
       0
       1
       0
       0
       0
       1
       0
       0
       2
       0
       0
       0
       0
       0
       0
       0
       0
       2
       1
       0
       0
       1
       0
       1
       2
       0
       1
       0
       1
       4
       1
       1
       0
       0
       1
       1
       0
       1
       2
       0
       1
       0
       1
       1
       0
       0
       1
       1
       0
       1
       0
       0
       0
       0
       0
       0
       0
       0
       1
       0
       2
       1
       1
       0
       1
       0
       0
       0
       0
       0
       2
       0
       0
       2
       0
       2
       0
       1
       1
       0
       0
       0
       0
       3
       0
       0
       0
       1
       0
       0
       1
       1
       0
       0
       0
       0
       1
       0
       3
       0
       0
       0
       0
       0
       0
       1
       0
       0
       0
       0
       0
       1
       0
       0
       1
       0
       1
       0
       0
       0
       0
       0
       0
       1
       0
       0
       0
       0
       0
       0
       0
       0
       0
       1
       1
       0
       1
       1
       0
       1
       0
       0
       0
       0
       0
       0
       1
       0
       0
       0
       0
       1
       1
       0
       0
       0
       0
       0
       0
       0
       1
       0
       0
       0
       0
       0
       0
       2
       0
       0
       0
       0
       0
       0
       0
       0
       0
       0
       0
       0
       1
       0
       1
       0
       0
       0
       0
       0
       0
       0
       0
       0
       0
       0
       0
       0
       0
       1
       1
       0
       1
       0
       1
       0
       0
       1
       0
       1
       0
       0
       0
       0
       0
       0
       0
       0
       2
       2
       0
       0
       0
       0
       0
       0
       0
       0
       0
       1
       0
       0
       0
       0
       0
       0
       0
       0
       0
       0
       0
       0
       0
       0
       0
       1
       0
       0
       1
       0
       1
       0
       2
       0
       1
       0
       0
       0
       1
       0
       1
       0
       0
       0
       0
       0
       0
       0
       1
       1
       1
       0
       0
       0
       0
       0
       0
       0
       1
       0
       0
       0
       0
       0
       1
       1
       1
       1
       1
       0
       0
       1
       1
       0
       0
       0
       0
       0
       0
       0
       0
       0
       0
       0
       0
       2
       0
       0
       1
       0
       1
       0
       1
       0
       0
       0
       0
       0
       0
       0
       0
       0
       0
       0
       0
       0
       0
       0
       0
       0
       0
       1
       0
       1
       0
       0
       1
       0
       1
       0
       0
       0
       0
       1
       0
       0
       0
       0
       1
       0
       1
       1
       0
       0
       0
       0
       0
       0
       1
       0
       0
       0
       0
       0
       0
       0
       0
       0
       0
       0
       0
       0
       1
       0
       0
       0
       0
       0
       0
       0
       0
       0
       0
       0
       1
       0
       0
       0
       0
       0
       0
       0
       0
       0
       1
       0
       0
       0
       1
       0
       0
       1
       0
       0
       0
       0
       1
       0
       0
       0
       0
       0
       1
       0
       0
       0
       0
       0
       1
       1
       0
       0
       1
       0
       0
       0
       0
       0
       0
       0
       0
       0
       0
       0
       1
       2
       0
       0
       0
       0
       0
       1
       0
       0
       0
       0
       0
       0
       0
       0
       0
       0
       0
       0
       0
       0
       0
       1
       1
       0
       0
       0
       0
       0
       0
       0
       0
       1
       0
       0
       0
       0
       1
       0
       0
       0
       0
       0
       0
       0
       0
       0
       0
       0
       0
       0
       0
       0
       0
       0
       0
       0
       0
       0
       0
       1
       0
       0
       0
       0
       0
       0
       1
       0
       0
       0
       0
       0
       0
       0
       0
       0
       1
       0
       0
       1
       1
       1
       0
       0
       0
       0
       0
       0
       0
       0
       0
       0
       0
       0
       0
       0
       0
       0
       0
       0
       0
       1
       0
       0
       0
       0
       0
       0
       0
       0
       0
       0
       1
       0
       0
       0
       0
       0
       2
       0
       0
       0
       0
       0
       0
       0
       0
       0
       0
       1
       0
       0
       0
       0
       0
       0
       0
       1
       0
       0
       0
       0
       1
       1
       1
       0
       0
       0
       1
       1
       0
       1
       0
       0
       0
       0
       0
       0
       1
       0
       0
       2
       0
       0
       0
       0
       0
       0
       0
       0
       0
       0
       0
       0
       0
       0
       0
       2
       0
       0
       1
       0
       0
       0
       0
       1
       1
       0
       0
       0
       0
       0
       0
       0
       0
       0
       0
       0
       0
       1
       0
       0
       1
       0
       0
       0
       0
       0
       0
       0
       0
       0
       0
       0
       1
       0
       0
       0
       0
       0
       0
       0
       0
       0
       0
       1
       0
       0
       1
       0
       0
       0
       0
       0
       0
       0
       0
       0
       0
       0
       0
       0
       0
       0
       0
       0
       0
       0
       0
       0
       0
       1
       0
       0
       0
       0
       0
       0
       0
       0
       0
       0
       0
       0
       0
       0
       0
       0
       0
       0
       0
       1
       0
       1
       0
       0
       0
       0
       0
       0
       0
       0
       0
       1
       0
       0
       0
       0
       0
       0
       0
       0
       0
       0
       0
       0
       0
       0
       0
       0
       0
       0
       0
       0
       0
       0
       0
       0
       0
       0
       0
       0
       0
       0
       0
       0
       0
       0
       0
       0
       0
       0
       0
       0
       1
       0
       0
       0
       0
       0
       0
       0
       0
       0
       0
       0
       0
       0
       0
       0
       0
       0
       0
       0
       0
       0
       0
       0
       0
       0
       0
       0
       0
       0
       0
       0
       0
       0
       0
       0
       0
       0
       0
       0
       0
       0
       0
       0
       0
       0
       0
       0
       0
       0
       0
       0
       0
       0
       0
       0
       0
       0
       1
       0
       0
       0
       0
       0
       0
       0
       0
       0
       0
       0
       0
       0
       0
       0
       0
       0
       0
       0
       0
       0
       0
       0
       0
       0
       0
       0
       0
       0
       0
       0
       0
       0
       0
       0
       0
       0
       0
       0
       0
       0
       0
       0
       0
       0
       0
       0
       0
       0
       0
       0
       0
       0
       0
       0
       0
       0
       0
       0
$ROI:
0
$PRESETS:
Real Time
300
0
$ENER_FIT:
0.000000 0.000000
$MCA_CAL:
3
0.000000E+000 0.000000E+000 0.000000E+000 
$SHAPE_CAL:
3
0.000000E+000 0.000000E+000 0.000000E+000
