$SPEC_ID:
No sample description was entered.
$SPEC_REM:
DET# 13001
DETDESC# TL-101B-04 Easy-MCA-2k SN 11350422
AP# Maestro Version 7.01
$DATE_MEA:
03/07/2024 19:41:43
$MEAS_TIM:
898 900
$DATA:
0 2047
       0
       0
       0
       0
       0
       0
       0
       0
       0
       0
       0
       0
       0
       0
       0
       1
       0
       0
       0
      32
      92
      92
     111
     112
     118
      91
     113
     100
     111
     106
     127
      98
     136
     124
     141
     113
     144
     128
     168
     149
     154
     183
     193
     184
     203
     218
     222
     217
     236
     264
     257
     285
     266
     276
     297
     314
     309
     305
     338
     364
     391
     368
     333
     330
     371
     364
     398
     378
     367
     405
     391
     374
     393
     370
     392
     368
     438
     368
     394
     379
     376
     402
     387
     382
     401
     407
     407
     389
     373
     412
     389
     387
     385
     400
     355
     375
     378
     333
     351
     357
     346
     310
     329
     312
     327
     358
     353
     299
     318
     318
     332
     330
     318
     293
     318
     296
     314
     284
     286
     277
     261
     270
     304
     280
     266
     263
     273
     282
     263
     257
     258
     263
     253
     255
     231
     231
     254
     240
     223
     214
     211
     221
     216
     221
     215
     233
     215
     211
     211
     231
     193
     214
     199
     199
     219
     194
     196
     171
     174
     215
     176
     207
     172
     177
     199
     192
     161
     169
     173
     180
     186
     173
     151
     154
     159
     148
     156
     140
     153
     142
     146
     155
     127
     107
     138
     136
     157
     126
     130
     106
     137
     138
     123
     124
     107
     113
     130
     104
     120
     108
     132
      88
     121
     120
     113
     102
     112
     107
     111
      90
     118
      88
     101
     104
      94
      90
      92
      84
      79
      85
      95
      90
      86
      85
      72
      82
      91
      87
     108
      71
      92
      87
      67
      71
      79
      86
      77
      85
      76
      75
      61
      73
      70
      66
      65
      80
      76
      78
      71
      75
      83
      77
      78
      62
      80
      63
      79
      78
      68
      48
      66
      63
      57
      48
      54
      55
      55
      50
      52
      44
      44
      54
      47
      50
      45
      53
      54
      50
      49
      46
      55
      44
      58
      30
      48
      61
      43
      52
      53
      45
      40
      46
      39
      45
      43
      34
      51
      36
      29
      38
      42
      50
      44
      44
      50
      33
      34
      40
      35
      39
      43
      39
      36
      36
      34
      51
      39
      34
      39
      52
      37
      33
      41
      28
      34
      24
      34
      41
      32
      28
      39
      33
      44
      32
      38
      31
      35
      39
      32
      33
      29
      27
      33
      28
      35
      31
      31
      36
      24
      38
      35
      30
      38
      27
      35
      33
      23
      28
      29
      32
      25
      33
      21
      33
      32
      30
      23
      32
      27
      34
      29
      27
      21
      34
      34
      30
      22
      27
      18
      27
      27
      24
      32
      34
      24
      23
      18
      14
      22
      21
      19
      25
      29
      28
      19
      27
      25
      21
      29
      28
      30
      30
      23
      31
      28
      28
      31
      23
      20
      29
      28
      30
      25
      32
      31
      29
      22
      41
      22
      34
      34
      39
      25
      23
      32
      25
      18
      26
      32
      22
      24
      19
      25
      22
      19
      26
      16
      22
      21
      25
      27
      16
      30
      26
      24
      13
      22
      24
      19
      15
      17
      17
      17
      12
      21
      21
      21
      14
      18
      13
      15
       7
      22
       7
      23
      20
      20
       9
      13
      19
      23
      16
      10
      13
      16
       8
      11
      21
      24
      11
      16
      22
      21
      17
      16
      14
      16
      13
      16
      18
      13
      15
       7
      13
      10
      12
      18
      14
      16
      14
      20
      12
      18
       9
      14
      21
      12
       8
      16
      15
       9
       8
       9
      16
      15
      12
      14
      13
      16
       6
      15
      15
      14
      17
      11
      19
      19
       5
      11
      17
      13
      11
      20
      20
       9
      11
       9
      16
      20
      13
      17
      12
       5
      13
       6
      11
       7
      16
      12
       9
      10
      16
      10
       8
      16
       6
       5
       8
      16
      10
       9
       8
      10
       8
      11
      11
      13
       8
      11
      19
      14
      11
      16
      13
      10
      12
      13
       7
      12
       9
      11
      12
      10
      14
      10
      11
       9
       6
      11
      13
      14
       6
      21
      13
       9
      14
      10
      11
      10
      12
      13
      15
      10
      17
       9
       6
      13
      12
       9
      12
       9
       7
      13
       7
      12
      10
      11
      11
      10
      12
      15
      12
      13
      13
       9
      12
       9
      13
      11
       6
       9
       6
      11
       9
      12
      13
      15
      14
      16
      22
      11
      14
      12
      12
      13
       8
      15
      10
      15
      15
      16
      10
       7
      12
      12
      10
       7
      12
      16
      16
      11
       6
       8
      11
      14
       6
      12
       7
      13
      10
       9
       8
      10
      13
      10
       8
      17
      10
       9
       9
      14
       7
      12
       8
       7
      17
       7
      10
      10
      10
      11
      10
       9
      13
      13
       8
      16
       9
      12
       9
       4
       9
       6
       7
      15
      10
      16
      15
       6
      10
       6
       4
      10
       5
       4
      12
       4
       6
      12
       9
      12
       9
       6
       9
       9
       8
       3
       5
       6
       4
       9
       7
       8
       7
       3
       3
      12
       6
       9
       7
      10
       8
       5
       9
      10
       8
       4
       6
       5
       8
       6
      12
       8
       7
       6
      12
       8
       5
       6
       9
      10
       8
      12
      13
       7
       7
       9
       7
       9
      10
      10
      10
       4
       8
      10
       7
       8
       5
      17
       8
       6
      10
       9
       7
       7
       8
      11
       2
       8
       8
      13
       5
       9
      11
       9
       4
       6
       8
       4
       7
       5
       4
       9
      15
       7
      13
       8
       8
       8
       7
       8
       7
       3
       6
       3
       3
       4
       5
       8
       2
       6
       5
       5
       4
       7
       8
      11
       3
       8
       5
       6
      10
       3
       5
      10
       4
       6
       3
       5
       7
       8
       4
      10
       8
       4
       3
       7
       6
       6
       5
       8
       4
       7
       4
       5
      10
       5
       7
       6
       5
       3
       5
       3
       5
      10
       2
       2
       2
       5
       5
       4
       6
       4
       6
       4
       6
       4
       1
       4
       2
       4
       3
       5
       7
       1
       3
       3
       3
       4
       0
       6
       4
      12
       6
       2
       3
       4
       5
       3
       3
       4
       1
       3
       6
       3
       2
       1
       3
       3
      10
       5
       6
       0
       5
       2
       2
       5
       5
       3
       4
       4
       2
       6
       5
       3
       4
       4
       4
       5
       3
       2
       8
       3
       3
       7
       3
       2
       4
       1
       7
       4
       2
       5
       5
       3
       6
       5
       7
       4
       3
       6
       7
       5
       4
       2
       5
       2
       3
       4
       5
       8
       8
       5
       6
       7
       5
       8
       7
       4
       9
      12
      11
       5
       7
       7
       9
       7
      11
       7
       7
      11
       6
      12
       9
       5
       4
      10
      13
      10
      11
       5
      11
       8
       7
      12
      13
      11
      15
      15
       9
      17
       8
      12
      12
       7
       8
       8
      15
       9
      11
      13
      14
       6
      11
       8
       9
       6
       7
       7
       6
       1
       6
       7
       8
       8
       6
      10
       8
       4
       6
       8
       5
       4
       6
       5
       3
       6
       7
       1
       2
       1
       5
       3
       7
       4
       4
       2
       4
       4
       1
       1
       2
      10
       4
       2
       5
       3
       1
       1
       4
       2
       2
       2
       2
       1
       0
       1
       3
       1
       2
       1
       2
       3
       1
       2
       2
       2
       5
       1
       1
       2
       4
       1
       2
       0
       3
       2
       4
       1
       2
       1
       1
       1
       3
       4
       1
       2
       1
       2
       1
       3
       0
       0
       1
       3
       1
       1
       5
       2
       1
       4
       1
       2
       1
       1
       0
       0
       1
       0
       1
       0
       0
       0
       2
       3
       2
       0
       2
       3
       2
       1
       4
       3
       1
       2
       0
       2
       2
       1
       2
       2
       3
       0
       2
       0
       1
       2
       2
       1
       0
       1
       1
       2
       1
       4
       0
       3
       0
       0
       0
       2
       1
       3
       5
       3
       1
       2
       2
       1
       2
       1
       0
       1
       2
       0
       1
       0
       2
       1
       2
       2
       0
       3
       2
       4
       2
       1
       2
       1
       4
       0
       1
       2
       2
       1
       1
       0
       1
       3
       0
       1
       0
       1
       3
       0
       1
       1
       2
       1
       0
       1
       3
       1
       1
       2
       0
       3
       2
       3
       1
       1
       1
       2
       1
       0
       0
       3
       1
       0
       0
       0
       1
       0
       1
       0
       0
       0
       0
       2
       2
       2
       1
       0
       0
       0
       2
       1
       1
       2
       0
       1
       0
       1
       2
       1
       1
       1
       3
       1
       2
       1
       0
       0
       1
       1
       2
       1
       2
       2
       0
       3
       1
       1
       2
       2
       0
       0
       3
       0
       2
       0
       1
       1
       0
       0
       0
       1
       0
       1
       2
       0
       0
       0
       1
       4
       1
       1
       1
       1
       2
       1
       2
       4
       0
       0
       0
       0
       1
       0
       0
       0
       0
       3
       0
       1
       2
       0
       1
       1
       0
       3
       0
       0
       1
       1
       0
       0
       1
       1
       0
       1
       1
       0
       0
       1
       0
       1
       0
       0
       2
       2
       0
       0
       1
       0
       2
       0
       1
       0
       1
       0
       0
       0
       0
       1
       1
       0
       2
       1
       0
       0
       1
       0
       1
       0
       1
       0
       0
       0
       1
       0
       1
       3
       0
       1
       1
       0
       1
       2
       1
       2
       0
       1
       1
       0
       0
       1
       0
       2
       0
       2
       0
       4
       1
       1
       1
       1
       2
       0
       0
       0
       3
       0
       1
       0
       1
       1
       1
       1
       1
       2
       0
       0
       3
       1
       0
       1
       0
       3
       3
       1
       1
       1
       1
       2
       0
       1
       1
       1
       1
       1
       0
       1
       1
       0
       1
       0
       2
       2
       0
       1
       1
       1
       4
       0
       0
       2
       2
       3
       2
       2
       0
       2
       2
       2
       3
       1
       3
       2
       1
       0
       2
       1
       0
       0
       0
       1
       1
       1
       1
       2
       1
       1
       0
       2
       1
       1
       0
       3
       2
       0
       2
       1
       0
       1
       1
       2
       2
       0
       2
       3
       1
       0
       0
       2
       3
       4
       2
       2
       0
       0
       2
       1
       2
       2
       1
       2
       0
       1
       0
       1
       0
       3
       0
       2
       2
       2
       1
       0
       0
       1
       1
       0
       1
       0
       3
       0
       0
       2
       0
       0
       0
       0
       1
       0
       1
       1
       0
       0
       1
       0
       0
       1
       1
       2
       2
       0
       1
       2
       0
       0
       0
       0
       0
       0
       0
       1
       1
       0
       2
       2
       2
       1
       1
       1
       2
       0
       2
       1
       0
       2
       1
       0
       0
       0
       0
       0
       2
       0
       0
       0
       0
       0
       0
       0
       0
       0
       0
       0
       1
       2
       1
       1
       1
       0
       1
       0
       1
       0
       0
       1
       0
       0
       0
       1
       0
       0
       0
       0
       2
       1
       0
       0
       0
       0
       0
       1
       0
       0
       0
       0
       0
       0
       1
       1
       0
       0
       0
       0
       1
       1
       0
       0
       0
       1
       0
       1
       1
       0
       0
       2
       0
       0
       0
       0
       1
       1
       0
       0
       0
       0
       1
       0
       0
       0
       1
       1
       1
       1
       0
       1
       1
       0
       0
       0
       0
       0
       1
       1
       2
       1
       1
       1
       0
       1
       0
       1
       0
       2
       1
       0
       0
       1
       0
       0
       0
       0
       1
       0
       0
       0
       1
       0
       1
       0
       1
       0
       1
       0
       0
       0
       0
       1
       0
       1
       0
       0
       0
       0
       0
       0
       1
       1
       0
       0
       0
       0
       1
       0
       0
       0
       0
       0
       0
       0
       0
       0
       1
       0
       1
       0
       2
       1
       2
       1
       1
       0
       1
       2
       1
       1
       1
       0
       0
       1
       1
       2
       2
       1
       0
       1
       2
       0
       1
       1
       0
       0
       1
       0
       2
       1
       0
       1
       3
       1
       1
       1
       3
       0
       1
       1
       1
       1
       0
       1
       0
       0
       0
       0
       1
       1
       0
       0
       2
       2
       2
       1
       0
       2
       0
       0
       0
       1
       0
       2
       0
       0
       2
       2
       0
       0
       0
       0
       0
       1
       0
       0
       1
       0
       0
       0
       1
       0
       1
       0
       1
       0
       0
       0
       0
       1
       0
       0
       0
       1
       0
       1
       0
       0
       0
       1
       2
       0
       0
       0
       0
       1
       0
       0
       0
       0
       0
       0
       0
       2
       0
       0
       0
       0
       0
       0
       0
       1
       3
       0
       0
       0
       1
       0
       0
       0
       0
       0
       0
       0
       1
       0
       0
       0
       0
       1
       0
       0
       0
       0
       0
       0
       0
       0
       0
       0
       0
       0
       1
       0
       0
       0
       0
       1
       0
       0
       0
       0
       0
       0
       0
       0
       0
       0
       0
       0
       0
       0
       0
       0
       0
       0
       0
       1
       0
       0
       0
       0
       0
       0
       0
       0
       0
       0
       1
       0
       1
       0
       0
       0
       0
       0
       1
       0
       0
       0
       0
       0
       1
       0
       0
       0
       0
       0
       1
       1
       0
       0
       0
       0
       0
       1
       0
       0
       0
       0
       0
       0
       0
       0
       0
       0
       0
       0
       0
       0
       0
       0
       0
       0
       0
       0
       0
       0
       0
       1
       0
       0
       0
       0
       0
       0
       0
       0
       0
       0
       0
       0
       0
       1
       0
       0
       1
       0
       0
       0
       1
       1
       0
       0
       0
       0
       0
       0
       0
       0
       0
       0
       0
       0
       0
       0
       0
       0
       0
       0
       0
       0
       0
       0
       0
       0
       0
       0
       0
       0
       0
       0
       0
       0
       0
       0
       0
       0
       0
       0
       0
       0
       0
       0
       0
       0
       0
       0
       0
       0
       0
       0
       0
       0
       0
       0
       0
$ROI:
0
$PRESETS:
Real Time
900
0
$ENER_FIT:
0.000000 0.000000
$MCA_CAL:
3
0.000000E+000 0.000000E+000 0.000000E+000 
$SHAPE_CAL:
3
0.000000E+000 0.000000E+000 0.000000E+000
