$SPEC_ID:
No sample description was entered.
$SPEC_REM:
DET# 13001
DETDESC# TL-101B-04 Easy-MCA-2k SN 11350422
AP# Maestro Version 7.01
$DATE_MEA:
03/07/2024 18:59:52
$MEAS_TIM:
298 300
$DATA:
0 2047
       0
       0
       0
       0
       0
       0
       0
       0
       0
       0
       0
       0
       0
       0
       0
       0
       0
       0
       0
      23
      83
      84
      73
      80
      78
      87
      87
      93
      86
      80
      82
      84
      83
     103
      94
      78
     109
      77
      74
     103
      93
     115
     113
     124
      95
     120
     118
     140
     113
     121
     126
     162
     171
     148
     168
     179
     159
     157
     192
     180
     193
     174
     190
     166
     193
     203
     199
     192
     166
     192
     194
     204
     179
     218
     184
     213
     215
     224
     171
     208
     204
     220
     221
     212
     207
     215
     249
     221
     206
     234
     213
     212
     233
     205
     202
     199
     202
     199
     222
     218
     222
     194
     267
     214
     227
     211
     243
     206
     230
     221
     195
     220
     201
     214
     209
     208
     224
     203
     210
     227
     238
     219
     218
     214
     202
     204
     207
     220
     232
     201
     195
     216
     195
     228
     223
     227
     217
     221
     196
     207
     205
     183
     214
     195
     215
     193
     188
     206
     208
     178
     192
     192
     176
     162
     230
     183
     174
     172
     212
     169
     163
     203
     169
     171
     194
     166
     175
     173
     168
     187
     159
     167
     164
     171
     169
     155
     154
     155
     150
     147
     133
     122
     147
     132
     137
     140
     138
     125
     124
     130
     127
     122
     143
     119
     125
      99
     114
     114
     111
     135
     124
     110
     100
      95
     108
     100
     108
     117
     110
     116
      92
     108
      99
     105
     101
      93
      77
     100
     103
      76
      99
     108
      81
      81
      96
      90
      92
      70
      97
      95
     100
      93
      79
      90
      69
      78
      91
      92
      94
      83
      93
      92
      93
     100
      78
      88
      77
      88
      75
      85
      67
      75
      80
      78
      79
      94
      82
      80
      79
      71
      76
      92
      64
      79
      72
      92
      96
      83
      71
      77
      73
      78
      69
      74
      80
      81
      96
      80
      78
      72
      73
      73
      67
      62
      78
      65
      68
      61
      89
      63
      79
      64
      69
      76
      64
      48
      58
      50
      63
      63
      57
      63
      78
      54
      53
      71
      47
      64
      66
      70
      46
      52
      53
      43
      49
      52
      48
      50
      47
      55
      63
      47
      54
      43
      64
      69
      58
      58
      49
      46
      45
      48
      48
      55
      38
      42
      42
      44
      46
      51
      40
      49
      44
      42
      48
      39
      24
      42
      41
      27
      34
      48
      36
      34
      31
      38
      35
      47
      40
      26
      28
      55
      45
      29
      43
      37
      25
      34
      35
      31
      46
      46
      23
      42
      36
      29
      31
      31
      30
      28
      33
      35
      33
      25
      32
      33
      31
      37
      28
      34
      34
      33
      40
      25
      31
      25
      38
      34
      29
      30
      31
      36
      36
      28
      31
      27
      25
      35
      35
      23
      40
      34
      36
      37
      39
      32
      26
      32
      29
      31
      32
      39
      28
      31
      40
      45
      37
      42
      38
      38
      35
      38
      47
      54
      60
      49
      57
      53
      51
      64
      55
      87
      87
      82
      73
      92
      92
      92
     105
     121
      92
     130
     133
     131
     137
     170
     156
     146
     147
     194
     154
     147
     150
     159
     168
     161
     142
     169
     130
     137
     134
     135
     159
     123
     110
     134
     118
     103
     100
     110
      76
      75
      74
      78
      84
      68
      51
      56
      39
      39
      36
      37
      30
      37
      33
      15
      15
      20
      21
      14
      13
      15
      11
      14
       8
      10
       9
       9
       6
       5
       7
       4
       7
      10
       7
       5
       8
       1
       6
       3
       4
       3
       6
       5
       3
       3
       6
       5
       5
       6
       6
       6
      11
       2
       7
      11
       2
       6
      10
       3
       5
       5
       6
       4
       4
       7
       6
       8
       5
       2
       2
       7
       8
       2
       5
       1
       6
       8
       5
       8
       4
       3
       4
       5
       5
       4
       5
       3
       5
       6
       4
       5
       2
       3
       3
       6
       2
       5
       3
       6
       1
       8
       3
       2
       1
       4
       4
      10
       5
       5
       5
       4
       3
       4
       2
       4
       2
       1
       2
       4
       4
       2
       1
       6
       3
       4
       5
       2
       3
       6
       9
       5
       5
       2
       3
       4
       4
       6
       3
       3
       5
       5
       5
       6
       3
       0
       3
       6
       7
       3
       1
       3
       3
       5
       2
       3
       5
       2
       2
       2
       2
       1
       3
       5
       6
       2
       2
       3
       3
       5
       4
       2
       3
       2
       6
       7
       8
       1
       4
       5
       8
       2
       2
       5
       6
       6
       2
       5
       1
       1
       7
       1
       5
       2
       2
       5
       3
       2
       2
       7
       5
       4
       2
       1
       3
       4
       4
       4
       2
       4
       2
       3
       5
       1
       4
       3
       3
       6
       2
       1
       4
       2
       2
       4
       3
       6
       1
       1
       5
       1
       2
       4
       4
       1
       3
       2
       0
       4
       2
       4
       5
       4
       2
       2
       4
       3
       2
       1
       1
       2
       4
       3
       1
       2
       6
       1
       2
       4
       2
       5
       1
       5
       4
       1
       0
       2
       3
       4
       5
       4
       3
       1
       7
       2
       3
       3
       2
       4
       4
       3
       3
       3
       1
       3
       1
       1
       2
       2
       2
       2
       1
       4
       4
       3
       2
       1
       3
       2
       2
       5
       5
       3
       1
       2
       2
       3
       3
       3
       3
       1
       7
       2
       2
       3
       1
       3
       1
       1
       1
       3
       1
       1
       1
       3
       1
       4
       4
       5
       4
       2
       1
       1
       2
       2
       3
       3
       2
       3
       1
       4
       2
       2
       2
       3
       1
       4
       4
       2
       2
       1
       0
       1
       1
       2
       3
       1
       1
       2
       4
       1
       2
       3
       0
       0
       3
       4
       2
       1
       5
       1
       1
       1
       6
       3
       2
       3
       6
       4
       3
       4
       2
       0
       4
       1
       3
       2
       0
       2
       1
       4
       2
       0
       3
       2
       1
       1
       4
       0
       0
       4
       0
       0
       4
       1
       0
       1
       1
       2
       0
       2
       2
       2
       1
       0
       0
       1
       2
       1
       1
       1
       1
       1
       1
       0
       0
       1
       0
       2
       0
       3
       1
       0
       1
       0
       3
       0
       0
       1
       2
       2
       1
       0
       1
       3
       1
       0
       2
       1
       2
       3
       3
       0
       0
       2
       4
       0
       3
       0
       1
       0
       1
       1
       3
       1
       2
       1
       4
       0
       2
       2
       0
       1
       3
       0
       2
       2
       2
       0
       0
       2
       2
       0
       2
       2
       3
       1
       2
       3
       1
       1
       2
       5
       3
       2
       3
       1
       1
       3
       5
       4
       4
       2
       3
       1
       3
       4
       4
       5
       6
       2
       4
       6
       2
       5
       7
       3
       5
       4
       4
       1
       1
       0
       7
       6
       3
       2
       2
       7
       1
       5
       5
       1
       3
       2
       1
       2
       4
       4
       5
       2
       1
       2
       3
       2
       5
       2
       4
       5
       4
       3
       1
       0
       4
       0
       4
       0
       1
       0
       1
       0
       0
       0
       2
       2
       0
       2
       4
       0
       4
       0
       0
       1
       0
       0
       0
       1
       0
       1
       1
       1
       0
       0
       2
       0
       0
       1
       0
       1
       1
       1
       0
       1
       1
       1
       0
       1
       1
       0
       0
       0
       1
       1
       0
       0
       0
       1
       0
       0
       0
       0
       0
       0
       2
       0
       1
       0
       1
       0
       1
       0
       1
       0
       1
       0
       0
       1
       0
       1
       0
       1
       0
       0
       1
       0
       1
       0
       0
       1
       0
       0
       0
       0
       1
       0
       0
       1
       1
       0
       0
       2
       0
       2
       0
       0
       1
       0
       1
       1
       0
       1
       0
       0
       1
       0
       0
       0
       0
       2
       0
       0
       0
       0
       1
       0
       0
       0
       0
       1
       1
       0
       1
       0
       0
       0
       1
       0
       1
       0
       2
       0
       1
       0
       0
       0
       0
       0
       0
       0
       0
       1
       1
       1
       0
       1
       1
       2
       0
       0
       0
       0
       1
       1
       1
       0
       0
       0
       0
       1
       0
       0
       1
       0
       1
       1
       0
       0
       0
       0
       0
       0
       2
       0
       0
       1
       2
       2
       0
       1
       0
       0
       1
       0
       1
       0
       1
       0
       1
       2
       0
       0
       0
       0
       1
       0
       0
       0
       1
       0
       1
       0
       0
       0
       0
       0
       2
       0
       1
       2
       0
       0
       0
       1
       0
       0
       0
       3
       1
       1
       1
       0
       0
       0
       0
       0
       3
       0
       0
       0
       0
       1
       0
       1
       0
       0
       0
       0
       0
       0
       1
       0
       0
       1
       0
       0
       0
       0
       0
       0
       0
       0
       0
       1
       0
       0
       0
       2
       1
       0
       1
       0
       2
       0
       0
       0
       0
       0
       0
       0
       0
       1
       1
       0
       0
       0
       0
       0
       1
       0
       0
       0
       0
       0
       0
       2
       0
       1
       0
       0
       0
       0
       1
       0
       0
       0
       0
       0
       0
       0
       2
       0
       1
       1
       0
       0
       1
       0
       0
       0
       0
       0
       0
       0
       0
       2
       0
       1
       0
       0
       0
       1
       0
       1
       1
       0
       0
       0
       0
       0
       0
       0
       0
       0
       0
       0
       0
       0
       2
       0
       0
       1
       0
       0
       0
       0
       1
       1
       0
       0
       0
       0
       0
       0
       0
       0
       0
       0
       0
       2
       2
       0
       0
       0
       0
       0
       0
       0
       0
       0
       0
       0
       0
       0
       1
       0
       0
       1
       0
       0
       0
       0
       0
       0
       0
       1
       0
       1
       0
       0
       0
       1
       1
       0
       1
       0
       0
       1
       1
       0
       1
       0
       0
       1
       0
       0
       0
       0
       0
       0
       1
       0
       1
       0
       1
       1
       0
       1
       1
       0
       0
       0
       0
       0
       0
       0
       1
       0
       1
       0
       0
       0
       1
       0
       0
       0
       1
       0
       0
       1
       0
       1
       0
       0
       0
       0
       0
       0
       0
       0
       0
       0
       1
       0
       0
       0
       1
       0
       1
       0
       0
       0
       0
       0
       0
       0
       0
       0
       0
       0
       0
       0
       0
       1
       0
       2
       0
       0
       0
       0
       0
       1
       0
       0
       0
       0
       1
       0
       0
       0
       0
       0
       0
       0
       0
       1
       0
       0
       1
       0
       0
       0
       0
       0
       1
       0
       0
       1
       1
       0
       0
       0
       1
       0
       0
       0
       2
       0
       0
       0
       0
       0
       0
       0
       1
       0
       0
       0
       0
       0
       0
       1
       0
       0
       1
       0
       1
       0
       0
       0
       0
       0
       0
       1
       1
       1
       0
       1
       0
       0
       1
       0
       0
       0
       0
       0
       1
       0
       0
       0
       0
       0
       0
       0
       0
       0
       0
       0
       1
       0
       2
       0
       0
       0
       0
       0
       1
       0
       0
       0
       0
       0
       0
       0
       0
       0
       0
       0
       0
       0
       0
       0
       0
       0
       0
       0
       0
       0
       0
       0
       1
       0
       0
       0
       0
       0
       0
       0
       0
       0
       0
       0
       0
       0
       0
       0
       1
       0
       0
       1
       0
       0
       0
       0
       0
       0
       0
       0
       1
       1
       0
       0
       0
       0
       1
       0
       0
       0
       0
       0
       0
       0
       0
       0
       0
       0
       0
       0
       0
       0
       1
       0
       0
       0
       0
       0
       0
       0
       0
       2
       0
       0
       0
       0
       0
       0
       0
       0
       0
       0
       1
       0
       0
       0
       0
       1
       0
       0
       0
       0
       0
       0
       0
       0
       0
       0
       0
       0
       1
       0
       0
       0
       0
       0
       0
       0
       1
       0
       1
       3
       0
       0
       1
       1
       1
       0
       0
       1
       1
       0
       0
       0
       0
       0
       0
       0
       1
       0
       2
       0
       0
       0
       1
       0
       0
       1
       1
       0
       0
       0
       1
       0
       0
       0
       0
       0
       0
       0
       0
       0
       0
       1
       0
       0
       1
       1
       1
       0
       1
       1
       0
       0
       1
       0
       0
       0
       0
       0
       0
       0
       0
       1
       0
       0
       0
       0
       0
       1
       0
       0
       0
       1
       0
       0
       0
       0
       0
       0
       0
       0
       0
       0
       1
       0
       0
       0
       0
       0
       0
       0
       0
       0
       0
       0
       0
       0
       1
       0
       0
       0
       0
       0
       0
       0
       0
       0
       1
       0
       0
       1
       0
       0
       0
       0
       0
       0
       0
       0
       0
       0
       0
       0
       0
       0
       0
       0
       0
       0
       0
       0
       0
       0
       0
       0
       0
       0
       0
       0
       0
       0
       0
       0
       0
       0
       0
       0
       0
       0
       0
       0
       0
       0
       0
       0
       0
       0
       0
       0
       0
       0
       0
       0
       0
       0
       0
       0
       0
       0
       0
       3
       0
       0
       0
       0
       0
       0
       0
       0
       0
       0
       0
       0
       0
       0
       0
       0
       0
       0
       0
       0
       0
       0
       0
       0
       0
       0
       0
       0
       0
       0
       0
       0
       0
       0
       0
       0
       0
       0
       0
       0
       0
       0
       0
       0
       0
       0
       0
       0
       0
       0
       0
       0
       0
       0
       0
       1
       0
       0
       0
       0
       0
       0
       0
       0
       0
       0
       0
       0
       0
       0
       0
       0
       0
       0
       0
       0
       0
       0
       0
       0
       0
       0
       0
       0
       0
       0
       0
       0
       0
       0
       0
       0
       0
       0
       0
       0
       0
       0
       0
       0
       0
       0
       0
       0
       0
       0
       0
       0
       0
       0
       0
       0
       0
       0
       0
       0
       0
       0
       0
       0
       0
       0
       0
       0
       0
       0
       0
       0
       0
       0
       0
       0
       0
       0
       0
       0
       0
       0
       0
       0
$ROI:
0
$PRESETS:
Real Time
300
0
$ENER_FIT:
0.000000 0.000000
$MCA_CAL:
3
0.000000E+000 0.000000E+000 0.000000E+000 
$SHAPE_CAL:
3
0.000000E+000 0.000000E+000 0.000000E+000
