$SPEC_ID:
No sample description was entered.
$SPEC_REM:
DET# 13001
DETDESC# TL-101B-04 Easy-MCA-2k SN 11350422
AP# Maestro Version 7.01
$DATE_MEA:
03/07/2024 18:48:38
$MEAS_TIM:
299 300
$DATA:
0 2047
       0
       0
       0
       0
       0
       0
       0
       0
       0
       0
       0
       0
       0
       0
       0
       0
       0
       0
       0
      17
      55
      45
      53
      55
      54
      48
      63
      41
      57
      52
      50
      52
      49
      64
      64
      62
      66
      61
      70
      71
      75
      84
      86
      89
      78
     109
      84
      88
      94
     117
     129
      91
     125
     121
     131
     140
     127
     126
     139
     117
     132
     143
     145
     179
     157
     159
     143
     149
     152
     149
     134
     167
     155
     165
     162
     159
     150
     181
     173
     153
     179
     177
     176
     174
     167
     164
     174
     166
     172
     174
     151
     158
     175
     148
     150
     156
     183
     183
     155
     155
     179
     152
     150
     151
     165
     169
     142
     176
     155
     167
     152
     158
     134
     143
     154
     148
     170
     149
     152
     125
     121
     154
     146
     128
     130
     141
     152
     128
     140
     127
     114
     159
     150
     126
     137
     113
     140
     120
     138
     142
     139
     131
     149
     139
     123
     124
     124
     126
     133
     107
     106
     132
     118
     120
     112
     111
     101
     108
     105
      94
     123
     117
     100
     113
      96
     105
      98
      94
     108
      98
     112
      89
      93
      96
      85
      95
      82
      91
      94
      75
      85
      80
      91
      94
      80
      82
      80
      73
      63
      65
      81
      83
      70
      75
      84
      72
      72
      64
      78
      73
      91
      70
      65
      65
      64
      59
      69
      58
      64
      59
      67
      80
      68
      58
      51
      62
      71
      70
      65
      56
      53
      69
      58
      74
      53
      56
      50
      55
      53
      53
      48
      41
      51
      57
      58
      41
      34
      56
      55
      47
      53
      53
      42
      57
      55
      52
      50
      48
      54
      69
      62
      55
      41
      40
      48
      50
      39
      48
      41
      37
      43
      55
      43
      49
      49
      52
      38
      25
      60
      48
      43
      43
      49
      39
      34
      49
      36
      38
      45
      42
      46
      37
      30
      33
      34
      44
      29
      36
      45
      33
      27
      28
      20
      34
      43
      39
      40
      28
      28
      27
      33
      43
      26
      30
      32
      30
      42
      33
      45
      30
      32
      26
      39
      37
      35
      34
      34
      38
      30
      30
      34
      25
      49
      31
      26
      24
      29
      26
      30
      28
      19
      31
      24
      25
      28
      21
      28
      27
      21
      32
      21
      19
      29
      21
      30
      22
      31
      17
      25
      31
      26
      32
      23
      27
      21
      28
      20
      22
      24
      27
      25
      15
      28
      22
      18
      25
      22
      23
      12
      16
      21
      23
      21
      23
      24
      13
      22
      19
      22
      23
      23
      29
      22
      26
      27
      25
      18
      25
      15
      21
      21
      17
      15
      23
      19
      23
      10
      20
      22
      18
      18
      17
      14
      15
      14
      18
      13
      19
      21
      29
      17
      17
      23
      13
      21
      22
      25
      16
      20
      19
      17
      24
      20
      14
      21
       9
      21
      17
      15
      17
      24
      22
      25
      16
      20
      22
      26
      20
      23
      24
      23
      29
      25
      19
      35
      35
      22
      37
      34
      37
      46
      40
      31
      41
      36
      38
      47
      32
      41
      29
      40
      25
      42
      37
      32
      46
      49
      49
      38
      35
      36
      27
      26
      37
      42
      30
      33
      21
      26
      25
      25
      26
      21
      22
      20
      12
      18
      10
      10
       9
      15
      13
       5
      13
      17
      13
       8
       5
       4
       5
       7
       4
       5
       6
       9
       5
       6
       4
       8
       6
       4
       3
       5
       5
       8
       5
       2
       9
       1
       4
       3
       4
       3
       7
       7
       3
       5
       3
       6
       6
       6
       3
       7
       2
       8
       1
       7
       2
       5
       6
       5
       0
       3
       6
       3
      13
       4
       6
       3
       2
       8
       4
       3
       8
       1
       6
       3
       2
       1
       2
       3
       3
       1
       4
       5
       4
       0
       4
       5
       2
       2
       0
       5
       1
       4
       4
       3
       7
       2
       2
       2
       5
       2
       5
       3
       3
       3
       1
       3
       1
       5
       3
       2
       7
       7
       2
       6
       6
       1
       4
       6
       6
       5
       3
       2
       1
       3
       1
       4
       6
       1
       2
       5
       2
       1
       3
       4
       2
       5
       5
       1
       2
       1
       0
       4
       2
       6
       3
       3
       7
       3
       3
       4
       3
       3
       2
       3
       4
       2
       3
       2
       1
       3
       5
       2
       2
       6
       5
       3
       2
       5
       3
       2
       1
       3
       7
       1
      10
       1
       3
       2
       5
       3
       3
       7
       0
       4
       7
       4
       2
       2
       5
       6
       6
       7
       3
       1
       5
       4
       2
       4
       0
       3
       2
       2
       7
       3
       4
       1
       3
       4
       3
       5
       7
       2
       5
       3
       2
       4
       2
       5
       2
       1
       2
       1
       2
       2
       4
       3
       2
       2
       3
       1
       2
       1
       2
       3
       3
       1
       1
       3
       1
       4
       4
       1
       2
       2
       2
       4
       3
       3
       5
       1
       2
       6
       3
       4
       4
       1
       0
       1
       1
       4
       3
       5
       2
       4
       1
       1
       5
       1
       3
       2
       5
       0
       2
       0
       1
       1
       2
       5
       2
       1
       1
       5
       1
       4
       3
       1
       3
       3
       3
       3
       2
       2
       2
       2
       5
       1
       2
       2
       4
       1
       2
       2
       0
       4
       2
       1
       1
       4
       1
       4
       2
       2
       2
       3
       2
       8
       1
       4
       5
       2
       3
       1
       3
       3
       3
       2
       4
       3
       2
       5
       4
       2
       2
       2
       0
       2
       2
       3
       4
       0
       3
       0
       1
       0
       2
       2
       2
       2
       2
       4
       4
       2
       1
       2
       5
       5
       3
       3
       1
       1
       4
       1
       1
       4
       2
       1
       1
       0
       3
       0
       1
       1
       0
       2
       3
       1
       2
       2
       2
       0
       0
       2
       0
       1
       0
       0
       3
       2
       0
       0
       3
       3
       1
       0
       1
       1
       2
       0
       0
       2
       2
       1
       3
       2
       3
       2
       1
       2
       0
       1
       1
       2
       0
       2
       2
       3
       3
       1
       2
       1
       1
       1
       0
       1
       1
       1
       1
       1
       0
       2
       2
       1
       1
       0
       1
       2
       2
       1
       0
       1
       0
       0
       3
       4
       0
       1
       2
       2
       1
       0
       1
       2
       0
       0
       1
       2
       5
       1
       2
       0
       2
       1
       1
       1
       2
       2
       1
       0
       3
       2
       1
       2
       4
       3
       3
       2
       1
       2
       3
       2
       2
       3
       2
       1
       1
       0
       0
       3
       2
       1
       4
       4
       0
       4
       0
       3
       5
       3
       1
       3
       5
       0
       5
       2
       4
       2
       4
       4
       3
       4
       3
       2
       4
       5
       3
       4
       0
       5
       1
       1
       6
       5
       5
       2
       3
       2
       8
       4
       6
       2
       3
       6
       4
       3
       2
       4
       1
       7
       1
       2
       0
       2
       2
       2
       3
       2
       3
       4
       0
       0
       4
       1
       0
       2
       1
       0
       2
       3
       2
       0
       1
       0
       3
       1
       1
       1
       0
       0
       0
       0
       2
       1
       0
       1
       0
       0
       1
       1
       1
       0
       0
       1
       1
       3
       0
       1
       0
       1
       0
       0
       0
       0
       0
       0
       0
       1
       0
       1
       0
       2
       0
       0
       0
       0
       0
       0
       0
       1
       1
       0
       1
       0
       0
       1
       0
       0
       0
       0
       1
       1
       2
       1
       0
       2
       0
       1
       1
       1
       1
       1
       1
       0
       1
       1
       0
       0
       0
       0
       1
       0
       0
       1
       0
       0
       0
       0
       2
       0
       1
       0
       0
       0
       0
       0
       1
       3
       0
       0
       0
       2
       0
       0
       0
       0
       0
       0
       0
       0
       0
       0
       0
       0
       0
       1
       0
       0
       0
       2
       2
       0
       1
       0
       1
       0
       1
       1
       0
       0
       1
       0
       0
       0
       0
       0
       2
       0
       0
       2
       1
       0
       1
       2
       0
       2
       0
       1
       0
       0
       0
       0
       0
       2
       0
       0
       0
       1
       1
       0
       0
       1
       0
       0
       0
       1
       0
       0
       0
       1
       0
       2
       0
       2
       1
       0
       0
       0
       1
       2
       0
       0
       1
       2
       1
       1
       1
       0
       1
       1
       1
       1
       0
       1
       0
       1
       0
       0
       0
       0
       0
       0
       1
       1
       0
       0
       0
       0
       0
       0
       0
       1
       0
       0
       1
       1
       0
       0
       0
       1
       0
       0
       0
       0
       0
       0
       0
       0
       0
       0
       0
       0
       0
       0
       0
       1
       2
       1
       3
       1
       0
       0
       0
       0
       2
       1
       1
       0
       0
       0
       0
       0
       0
       0
       1
       1
       0
       0
       1
       1
       0
       1
       1
       0
       0
       0
       0
       0
       0
       1
       0
       0
       0
       0
       0
       1
       2
       0
       0
       0
       1
       0
       1
       0
       0
       0
       0
       0
       0
       0
       0
       0
       0
       1
       0
       0
       1
       0
       1
       0
       0
       0
       0
       0
       1
       1
       0
       0
       0
       0
       1
       0
       0
       0
       0
       0
       1
       1
       0
       1
       0
       1
       0
       0
       0
       0
       0
       0
       1
       0
       0
       0
       0
       1
       0
       0
       0
       0
       0
       0
       0
       0
       0
       0
       2
       0
       0
       1
       1
       0
       0
       1
       0
       1
       0
       0
       1
       0
       0
       0
       1
       0
       0
       0
       1
       0
       1
       0
       0
       0
       0
       0
       0
       0
       0
       0
       0
       0
       0
       1
       0
       0
       0
       0
       0
       0
       1
       0
       1
       0
       0
       0
       1
       0
       1
       0
       0
       0
       0
       2
       1
       0
       0
       0
       1
       0
       0
       1
       0
       2
       0
       2
       0
       0
       1
       0
       1
       0
       0
       0
       1
       0
       0
       0
       1
       0
       0
       0
       0
       0
       0
       1
       2
       1
       0
       0
       0
       0
       1
       0
       0
       0
       0
       1
       1
       0
       0
       1
       0
       0
       0
       0
       0
       1
       0
       0
       1
       0
       0
       0
       0
       0
       0
       1
       0
       0
       1
       1
       0
       1
       0
       1
       0
       0
       1
       0
       0
       0
       0
       1
       0
       0
       0
       0
       2
       0
       0
       0
       1
       1
       0
       0
       0
       0
       2
       0
       0
       0
       0
       0
       0
       1
       0
       0
       0
       0
       1
       0
       0
       0
       0
       0
       0
       1
       0
       0
       0
       1
       1
       0
       0
       0
       0
       0
       0
       0
       1
       0
       0
       0
       0
       0
       0
       0
       0
       0
       0
       0
       0
       1
       0
       1
       0
       0
       0
       0
       0
       0
       0
       0
       0
       0
       0
       0
       0
       1
       0
       0
       1
       1
       0
       0
       0
       0
       0
       2
       0
       0
       0
       1
       0
       1
       0
       0
       0
       1
       0
       0
       0
       0
       0
       0
       1
       1
       0
       0
       0
       1
       0
       0
       0
       0
       1
       0
       0
       0
       1
       0
       0
       0
       0
       0
       0
       0
       1
       0
       1
       0
       0
       0
       0
       0
       0
       0
       0
       0
       0
       0
       0
       0
       0
       0
       0
       0
       0
       0
       0
       0
       0
       0
       0
       0
       0
       0
       0
       0
       0
       1
       0
       0
       0
       1
       0
       0
       1
       0
       1
       0
       0
       0
       0
       0
       2
       0
       0
       0
       0
       0
       0
       0
       0
       0
       0
       0
       0
       0
       0
       0
       0
       0
       0
       0
       0
       0
       0
       0
       0
       0
       0
       0
       0
       0
       0
       0
       0
       0
       0
       0
       0
       0
       1
       0
       0
       0
       1
       0
       1
       0
       1
       1
       0
       0
       2
       0
       0
       0
       1
       1
       0
       0
       0
       0
       0
       0
       1
       0
       0
       0
       1
       0
       0
       0
       0
       0
       0
       0
       0
       0
       0
       0
       0
       0
       0
       1
       0
       0
       1
       0
       1
       0
       0
       0
       0
       0
       0
       1
       0
       0
       1
       0
       0
       0
       0
       0
       0
       0
       0
       0
       1
       0
       0
       0
       1
       1
       0
       0
       0
       0
       1
       0
       1
       0
       0
       0
       0
       0
       0
       1
       0
       0
       0
       0
       0
       0
       0
       0
       0
       0
       0
       0
       0
       0
       0
       0
       0
       0
       0
       0
       0
       0
       0
       1
       0
       0
       0
       0
       0
       0
       0
       0
       0
       0
       0
       0
       0
       0
       0
       0
       0
       0
       0
       0
       0
       0
       0
       0
       1
       0
       0
       0
       0
       0
       0
       0
       0
       0
       0
       0
       0
       0
       0
       0
       0
       0
       0
       0
       0
       0
       0
       0
       0
       0
       0
       0
       0
       1
       0
       0
       0
       0
       0
       0
       0
       0
       0
       0
       0
       0
       0
       0
       0
       0
       0
       0
       0
       0
       0
       0
       0
       0
       1
       0
       0
       0
       0
       0
       0
       0
       0
       0
       0
       0
       0
       0
       0
       0
       0
       0
       0
       0
       0
       0
       0
       0
       0
       0
       0
       0
       0
       0
       0
       0
       0
       0
       1
       0
       0
       0
       0
       0
       0
       0
       0
       0
       0
       0
       0
       0
       0
       0
       0
       0
       0
       0
       0
       0
       0
       0
       0
       0
       0
       0
       0
       1
       0
       0
       0
       0
       0
       0
       1
       0
       0
       0
       0
       0
       0
       0
       0
       0
       0
       0
       0
       0
       0
       0
       0
       0
       0
       0
       0
       1
       0
       0
       0
       0
       0
       0
       0
       0
       0
       0
       0
       0
       0
       0
       0
       0
       0
       0
       0
       0
       0
       0
       0
       0
       0
       0
       0
       0
       0
       0
       0
       0
       0
       0
       0
$ROI:
0
$PRESETS:
Real Time
300
0
$ENER_FIT:
0.000000 0.000000
$MCA_CAL:
3
0.000000E+000 0.000000E+000 0.000000E+000 
$SHAPE_CAL:
3
0.000000E+000 0.000000E+000 0.000000E+000
