$SPEC_ID:
No sample description was entered.
$SPEC_REM:
DET# 13001
DETDESC# TL-101B-04 Easy-MCA-2k SN 11350422
AP# Maestro Version 7.01
$DATE_MEA:
03/07/2024 18:37:33
$MEAS_TIM:
299 300
$DATA:
0 2047
       0
       0
       0
       0
       0
       0
       0
       0
       0
       0
       0
       0
       0
       0
       0
       0
       0
       0
       0
      12
      40
      50
      39
      37
      51
      34
      45
      44
      34
      34
      42
      47
      38
      37
      40
      53
      47
      53
      42
      53
      52
      60
      63
      89
      76
      75
      95
      89
      83
      97
      77
     100
      91
      90
      76
     120
     122
     132
     130
     119
     125
     120
     105
     127
     132
     139
     137
     151
     141
     159
     131
     137
     119
     137
     146
     149
     134
     132
     135
     135
     134
     174
     139
     155
     153
     138
     145
     165
     140
     157
     121
     153
     137
     131
     146
     146
     181
     139
     142
     132
     122
     126
     146
     146
     118
     127
     154
     107
     149
     129
     115
     135
     107
     112
     136
     130
     105
     130
     114
     113
     102
     106
     120
      98
      98
     121
     110
     104
      94
     103
     123
     102
     123
     111
     122
     114
     112
      87
     105
     104
      88
      89
     110
      91
      99
     106
      83
      88
      78
      97
     104
      72
      78
      81
      94
      78
      80
      85
      79
      79
      78
      82
      68
      71
      88
      90
      85
      76
      84
      66
      79
      79
      76
      62
      57
      60
      54
      63
      62
      71
      67
      49
      39
      50
      48
      62
      43
      55
      46
      61
      48
      55
      62
      52
      47
      63
      47
      44
      50
      37
      49
      40
      48
      65
      43
      51
      46
      41
      51
      41
      31
      65
      44
      40
      38
      53
      42
      32
      46
      44
      34
      34
      32
      35
      29
      45
      39
      46
      44
      35
      35
      31
      44
      28
      36
      35
      41
      38
      30
      37
      30
      27
      37
      32
      29
      30
      36
      28
      31
      22
      37
      31
      32
      33
      35
      38
      28
      32
      25
      32
      26
      31
      23
      24
      25
      28
      29
      25
      29
      24
      25
      31
      26
      36
      27
      27
      23
      23
      17
      21
      25
      17
      19
      18
      16
      23
      19
      25
      22
      24
      25
      18
      20
      13
      18
      18
      15
      11
      26
      17
      19
      20
      18
      20
      18
      22
      17
      21
      18
      15
      16
      28
      23
      16
      17
      16
      20
      14
      24
      10
      17
      11
      14
      11
      13
      15
      16
      15
      16
      17
       8
      15
      10
      17
      12
      18
      17
      15
      21
      19
      11
       5
      22
      22
      11
      12
      18
      16
      12
      18
      17
      12
      12
      15
      14
      16
      11
      17
      14
      14
       8
       8
      19
      10
      20
      15
      18
      21
      16
       9
      14
      16
      19
      15
      17
      14
      15
      14
       8
      12
      12
      11
      10
      16
      25
      12
       8
      17
      15
      17
      14
      12
      15
      15
      11
      12
      11
      12
      11
      13
      12
      11
      13
      10
      10
      10
      14
      17
      20
      17
       9
      23
      10
      14
       9
      14
      11
      12
      13
      16
      13
      13
      14
      20
      12
       9
       7
      12
       7
      12
      12
       9
       6
       9
      11
       6
      13
       6
      13
      13
      16
      17
      19
      15
      16
      14
      12
      13
      14
       6
      15
       9
      14
       9
      17
      15
      14
      17
      17
      15
      20
      14
      10
      12
      20
      12
       9
      15
       9
      15
      14
      16
       5
      12
       5
      16
       6
       7
       3
       9
      13
       6
      13
       9
       5
       7
      10
       8
       9
      10
       2
       6
       6
       4
       3
       3
       8
       7
       3
       4
       4
       3
       4
       5
       3
       3
       1
       7
       4
       2
      10
       5
       3
       3
       8
       5
       1
       9
       3
       3
       3
       4
       6
       4
       7
       8
       5
       4
       8
       9
       4
       9
       9
       5
       4
      12
       5
       4
       3
       4
       4
       5
       7
       3
       1
       9
       7
       4
       4
       1
       5
       4
       2
       7
       4
       3
       6
       4
       2
       7
       5
       6
       3
       2
       3
       3
       3
       6
       3
       3
       2
       4
       4
       2
       5
       5
       6
       7
       2
       1
       2
       0
       5
       5
       3
       3
       3
       5
       3
       1
       2
       3
       2
       1
       6
       6
       4
       2
       2
       2
       7
       5
       4
       3
       4
       3
       4
       2
       2
       3
       6
       3
       4
       2
       1
       7
       5
       3
       2
       2
       7
       7
       2
       1
       3
       5
       2
       3
       2
       2
       4
       3
       6
       4
       0
       5
       7
       4
       1
       4
       3
       4
       8
       2
       3
       3
       2
       0
       4
       2
       3
       7
       3
       4
       2
       0
       4
       3
       1
       5
       4
       6
       1
       6
       7
       4
       2
       5
       2
       4
       3
       4
       2
       4
       6
       3
       4
       2
       3
       3
       4
       6
       4
       3
       1
       5
       3
       2
       7
       4
       4
       4
       5
       3
       3
       1
       1
       4
       4
       5
       2
       3
       3
       2
       3
       1
       1
       1
       4
       2
       5
       1
       3
       2
       1
       4
       2
       3
       2
       4
       4
       2
       1
       0
       1
       1
       4
       2
       1
       1
       1
       3
       4
       6
       0
       3
       3
       2
       4
       3
       3
       1
       2
       4
       1
       0
       7
       0
       6
       2
       2
       2
       1
       3
       2
       1
       0
       1
       3
       1
       3
       2
       1
       3
       1
       2
       4
       2
       5
       5
       3
       0
       5
       3
       0
       1
       3
       5
       4
       1
       0
       4
       2
       1
       1
       3
       4
       7
       0
       2
       1
       1
       3
       0
       0
       4
       3
       6
       4
       2
       4
       2
       3
       2
       1
       1
       2
       3
       1
       1
       1
       3
       2
       2
       2
       2
       1
       1
       0
       0
       4
       1
       3
       4
       1
       5
       3
       1
       2
       1
       1
       2
       2
       4
       1
       4
       4
       3
       0
       5
       0
       2
       5
       2
       3
       1
       2
       3
       2
       4
       3
       0
       4
       2
       0
       1
       1
       1
       2
       0
       0
       1
       2
       1
       2
       2
       0
       0
       2
       2
       0
       3
       2
       0
       0
       1
       1
       2
       1
       0
       7
       1
       0
       1
       1
       2
       3
       1
       0
       3
       1
       3
       1
       1
       3
       3
       2
       0
       1
       0
       2
       1
       1
       2
       2
       3
       3
       1
       3
       3
       0
       1
       1
       3
       3
       0
       0
       1
       0
       4
       1
       2
       1
       0
       4
       1
       1
       1
       2
       1
       3
       0
       0
       0
       2
       2
       0
       3
       1
       0
       2
       2
       2
       3
       1
       1
       0
       2
       0
       3
       1
       5
       2
       3
       4
       0
       3
       1
       1
       1
       0
       2
       0
       1
       4
       2
       0
       1
       1
       3
       1
       3
       5
       4
       0
       4
       5
       3
       2
       2
       3
       5
       4
       4
       5
       2
       2
       1
       4
       3
       7
       4
       2
       6
       1
       3
       5
       4
       6
       4
       3
       5
       2
       6
       1
       1
       2
       1
       3
       3
       3
       1
       2
       0
       2
       1
       4
       3
       1
       3
       2
       1
       1
       2
       2
       3
       2
       3
       2
       0
       3
       3
       1
       4
       1
       0
       2
       1
       1
       3
       1
       2
       2
       1
       1
       0
       1
       2
       1
       2
       2
       0
       1
       2
       0
       0
       1
       0
       1
       0
       0
       2
       0
       0
       0
       2
       1
       1
       1
       1
       0
       0
       0
       1
       0
       0
       0
       0
       0
       0
       1
       1
       0
       0
       1
       0
       0
       0
       0
       1
       0
       0
       0
       0
       0
       1
       0
       0
       0
       0
       0
       0
       0
       0
       0
       0
       0
       1
       0
       2
       1
       0
       0
       1
       0
       0
       0
       1
       0
       0
       0
       2
       1
       0
       0
       0
       0
       0
       0
       1
       0
       0
       0
       1
       0
       0
       0
       1
       0
       0
       1
       0
       0
       2
       0
       1
       0
       0
       1
       0
       1
       0
       1
       0
       0
       0
       1
       0
       1
       0
       1
       2
       0
       0
       0
       0
       0
       0
       0
       0
       0
       0
       0
       0
       1
       1
       0
       2
       1
       1
       0
       0
       0
       0
       0
       1
       0
       1
       0
       0
       1
       0
       0
       1
       1
       0
       0
       0
       2
       0
       0
       2
       0
       2
       0
       1
       0
       1
       1
       2
       0
       0
       0
       0
       0
       0
       0
       0
       0
       0
       1
       0
       0
       2
       2
       1
       1
       0
       0
       1
       2
       1
       0
       0
       1
       0
       0
       0
       0
       0
       0
       0
       2
       0
       1
       0
       0
       1
       1
       0
       0
       0
       0
       0
       0
       1
       0
       0
       0
       0
       0
       0
       0
       0
       1
       0
       1
       0
       1
       0
       1
       0
       0
       0
       0
       0
       0
       0
       0
       1
       0
       0
       0
       0
       1
       0
       0
       0
       0
       0
       0
       0
       0
       1
       0
       0
       0
       0
       0
       0
       0
       0
       2
       0
       0
       0
       0
       0
       1
       0
       0
       0
       0
       0
       1
       0
       0
       0
       0
       0
       0
       0
       1
       0
       0
       0
       0
       0
       0
       1
       1
       0
       0
       0
       0
       0
       0
       1
       0
       0
       0
       0
       0
       0
       0
       0
       0
       1
       0
       0
       0
       0
       0
       1
       0
       0
       0
       0
       0
       0
       0
       0
       0
       0
       0
       1
       0
       1
       0
       0
       1
       0
       0
       0
       0
       0
       0
       0
       1
       0
       0
       0
       0
       1
       0
       0
       0
       0
       0
       1
       0
       0
       0
       0
       0
       0
       1
       0
       1
       0
       0
       0
       0
       0
       1
       1
       0
       0
       0
       0
       0
       0
       0
       1
       1
       0
       0
       0
       1
       0
       0
       1
       1
       0
       0
       0
       0
       0
       0
       0
       0
       0
       0
       0
       0
       0
       0
       1
       0
       0
       0
       1
       1
       1
       0
       1
       2
       0
       0
       0
       0
       0
       0
       3
       0
       0
       0
       0
       0
       0
       0
       0
       0
       0
       0
       0
       0
       0
       0
       1
       0
       0
       1
       0
       2
       0
       0
       0
       0
       0
       0
       0
       1
       2
       0
       1
       0
       0
       1
       0
       0
       0
       0
       1
       0
       0
       0
       0
       0
       1
       0
       0
       0
       1
       0
       0
       1
       1
       1
       0
       1
       0
       0
       0
       0
       0
       0
       0
       2
       0
       0
       0
       1
       1
       0
       0
       0
       1
       1
       0
       0
       0
       0
       0
       0
       0
       1
       0
       0
       0
       0
       0
       0
       0
       1
       0
       0
       0
       0
       0
       0
       0
       1
       0
       0
       0
       0
       0
       0
       0
       0
       2
       2
       0
       0
       0
       0
       0
       0
       0
       1
       1
       0
       1
       0
       1
       0
       0
       0
       0
       0
       0
       0
       3
       0
       1
       1
       0
       0
       0
       0
       0
       0
       0
       0
       0
       1
       0
       0
       0
       0
       0
       0
       0
       0
       0
       0
       0
       0
       0
       0
       0
       0
       0
       0
       0
       0
       0
       0
       0
       0
       1
       0
       0
       0
       1
       0
       1
       1
       0
       1
       0
       1
       0
       0
       0
       0
       0
       0
       0
       0
       0
       0
       0
       0
       1
       1
       0
       0
       0
       0
       0
       0
       0
       0
       0
       0
       0
       0
       0
       1
       0
       1
       0
       0
       0
       1
       2
       1
       0
       1
       0
       0
       0
       0
       0
       0
       0
       0
       0
       0
       0
       0
       0
       0
       0
       0
       0
       0
       2
       0
       0
       0
       0
       0
       0
       0
       1
       0
       0
       1
       0
       1
       0
       1
       0
       0
       0
       0
       0
       0
       0
       0
       0
       0
       0
       0
       0
       1
       0
       0
       0
       0
       0
       0
       0
       0
       0
       0
       0
       0
       0
       0
       0
       1
       1
       0
       1
       0
       1
       0
       0
       1
       0
       0
       1
       0
       1
       1
       0
       1
       0
       1
       0
       0
       0
       0
       1
       0
       0
       0
       0
       0
       0
       0
       0
       1
       1
       0
       0
       0
       1
       0
       0
       0
       1
       1
       2
       0
       0
       0
       0
       0
       0
       0
       0
       0
       1
       0
       1
       1
       0
       0
       1
       0
       0
       1
       0
       1
       0
       0
       0
       0
       0
       0
       0
       0
       0
       0
       0
       1
       0
       0
       0
       0
       0
       0
       0
       0
       0
       0
       0
       0
       0
       0
       0
       0
       0
       0
       0
       0
       0
       0
       0
       1
       0
       0
       0
       0
       0
       0
       0
       1
       0
       0
       0
       0
       0
       0
       0
       0
       0
       0
       0
       0
       0
       0
       0
       0
       0
       1
       0
       0
       0
       0
       0
       0
       0
       0
       0
       0
       0
       0
       0
       0
       0
       0
       0
       0
       0
       0
       0
       0
       0
       0
       0
       0
       0
       0
       0
       0
       0
       0
       0
       0
       0
       0
       0
       0
       0
       0
       0
       0
       0
       0
       0
       0
       1
       0
       0
       0
       0
       0
       0
       0
       0
       0
       0
       0
       0
       0
       0
       0
       0
       0
       0
       0
       0
       0
       0
       0
       0
       0
       0
       0
       0
       0
       0
       0
       0
       0
       0
       0
       0
       0
       0
       0
       0
       0
       0
       0
       0
       0
       0
       0
       0
       0
       0
       0
       0
       0
       0
       0
       0
       0
       0
       0
       0
       0
       0
       0
       0
       0
       0
       0
       0
       1
       0
       0
       0
       0
       0
       0
       1
       0
       0
       0
       0
       0
       0
       0
       0
       0
       0
       0
       0
       0
       0
       0
       0
       0
       0
       0
       0
       0
       0
       0
       0
       0
       0
       0
       0
       0
       0
       0
       0
       0
       0
       0
       0
       0
       0
       0
       0
       0
       0
       0
       0
       0
       0
       0
       0
       0
       0
       0
       0
       0
       0
       0
       0
       0
       0
       0
       0
       0
       0
       0
       0
$ROI:
0
$PRESETS:
Real Time
300
0
$ENER_FIT:
0.000000 0.000000
$MCA_CAL:
3
0.000000E+000 0.000000E+000 0.000000E+000 
$SHAPE_CAL:
3
0.000000E+000 0.000000E+000 0.000000E+000
