$SPEC_ID:
No sample description was entered.
$SPEC_REM:
DET# 13001
DETDESC# TL-101B-04 Easy-MCA-2k SN 11350422
AP# Maestro Version 7.01
$DATE_MEA:
03/07/2024 18:54:08
$MEAS_TIM:
298 300
$DATA:
0 2047
       0
       0
       0
       0
       0
       0
       0
       0
       0
       0
       0
       0
       0
       0
       0
       0
       0
       0
       0
      17
      61
      51
      66
      51
      78
      54
      59
      60
      83
      68
      64
      59
      65
      68
      45
      67
      72
      84
      72
      87
      86
      77
      86
     100
      91
     117
     103
      83
     117
     132
     131
     121
     138
     118
     143
     169
     132
     130
     138
     160
     162
     171
     154
     174
     171
     163
     131
     177
     167
     161
     167
     195
     166
     188
     205
     168
     169
     193
     163
     189
     185
     173
     182
     171
     189
     203
     193
     199
     188
     169
     183
     187
     185
     192
     172
     219
     194
     196
     201
     198
     176
     185
     182
     186
     160
     170
     182
     186
     185
     191
     174
     206
     157
     178
     173
     171
     140
     190
     181
     167
     186
     171
     167
     203
     183
     170
     165
     167
     164
     168
     163
     182
     139
     172
     136
     156
     189
     159
     160
     174
     153
     140
     147
     157
     156
     159
     162
     148
     146
     114
     169
     140
     157
     138
     135
     138
     171
     166
     142
     124
     138
     151
     142
     117
     135
     125
     137
     132
     141
     139
     127
     121
     122
     126
     145
      97
     110
     100
      95
     110
     113
      94
     105
     112
     100
     102
     104
      97
     116
      88
     100
     101
     113
      83
      96
      93
      87
     109
      99
      95
      78
      99
      91
      79
      99
      90
      86
      83
      80
      89
      87
      73
      83
      73
      89
      87
      95
      80
      81
      66
      65
      63
      64
      72
      73
      69
      86
      75
      60
      64
      64
      70
      67
      69
      70
      81
     100
      71
      67
      64
      74
      61
      81
      71
      73
      84
      78
      68
      64
      68
      72
      53
      68
      48
      58
      58
      58
      76
      62
      49
      63
      57
      51
      55
      59
      73
      43
      38
      61
      60
      64
      68
      59
      57
      47
      58
      57
      52
      70
      71
      61
      55
      68
      59
      66
      55
      51
      59
      67
      56
      51
      58
      62
      48
      57
      52
      68
      47
      35
      47
      61
      58
      44
      55
      49
      59
      54
      54
      50
      58
      53
      36
      41
      66
      46
      40
      48
      45
      42
      44
      40
      36
      49
      51
      40
      38
      44
      38
      47
      31
      46
      39
      39
      36
      41
      45
      44
      41
      34
      42
      30
      31
      40
      39
      38
      32
      30
      40
      43
      35
      36
      37
      42
      33
      39
      35
      33
      29
      35
      33
      30
      39
      37
      35
      40
      35
      27
      28
      41
      40
      28
      32
      18
      27
      30
      29
      36
      32
      20
      32
      29
      32
      28
      24
      20
      23
      25
      24
      26
      33
      35
      31
      23
      24
      28
      26
      19
      28
      26
      17
      26
      19
      30
      23
      27
      17
      22
      26
      29
      23
      18
      23
      30
      26
      20
      27
      27
      19
      34
      34
      29
      26
      36
      41
      22
      15
      31
      26
      26
      29
      23
      38
      26
      32
      38
      27
      39
      36
      35
      35
      31
      46
      43
      54
      33
      60
      54
      68
      52
      52
      62
      59
      59
      65
      60
      60
      58
      74
      70
      79
      83
      69
      59
      72
      81
      83
      81
      88
      85
      55
      73
      68
      62
      65
      61
      60
      60
      45
      49
      52
      45
      52
      46
      38
      35
      33
      31
      23
      22
      16
      21
      16
      13
      19
      16
       9
       9
      15
      16
       6
       9
       8
       9
       7
       3
       7
       8
       5
       6
       1
       4
       6
       5
       7
       4
       7
       4
      10
       5
       3
      11
       8
       7
       3
       4
       4
       5
       3
       5
       4
       5
       3
       1
       6
       1
       4
       4
       4
       3
       5
       6
       5
       4
       2
       4
       5
       4
       3
       2
       6
       2
       6
       4
       3
       4
       2
       7
       2
       5
       6
       3
       5
       7
       8
       2
       4
       5
       5
       4
       2
       1
       4
       4
       5
       1
       5
       3
       8
       5
       7
       2
       6
       5
       5
       3
       3
       1
       2
       4
       2
       5
       2
       0
       6
       5
       3
       5
       5
       6
       2
       3
       3
       3
       4
       2
       3
       4
       5
       1
       1
       5
       3
       0
       7
       4
       2
       4
       5
       1
       1
       5
       2
       2
       5
       5
       5
       3
       1
       1
       3
       5
       3
       3
       3
       2
       4
       4
       5
       1
       2
       3
       1
       2
       9
       0
       3
       3
       8
       2
       5
       5
       4
       4
       0
       7
       4
       4
       4
       1
       4
       2
       3
       4
       3
       5
       4
       5
       4
       3
       5
       3
       2
       4
       0
       7
       2
       2
       4
       3
       3
       1
       5
       6
       2
       1
       1
       3
       1
       1
       6
       5
       0
       6
       3
       3
       5
       4
       0
       3
       2
       3
       4
       4
       1
       3
       2
       2
       2
       1
       2
       4
       1
       5
       4
       3
       3
       4
       1
       3
       2
       1
       3
       4
       4
       4
       1
       3
       4
       0
       5
       1
       1
       1
       0
       2
       4
       4
       5
       4
       0
       6
       4
       3
       2
       3
       4
       0
       4
       1
       6
       3
       3
       6
       3
       3
       4
       1
       1
       4
       2
       0
       2
       2
       1
       1
       2
       3
       4
       2
       3
       0
       2
       2
       4
       3
       7
       0
       3
       3
       4
       2
       1
       3
       4
       6
       2
       1
       2
       0
       1
       4
       2
       1
       1
       3
       5
       4
       0
       0
       2
       3
       1
       2
       7
       2
       1
       3
       4
       2
       4
       4
       3
       2
       3
       2
       2
       3
       4
       1
       0
       2
       2
       2
       3
       3
       2
       2
       2
       1
       1
       4
       1
       1
       3
       0
       2
       1
       4
       3
       3
       1
       2
       0
       0
       4
       0
       1
       4
       0
       3
       1
       0
       2
       0
       2
       0
       2
       0
       3
       0
       1
       1
       0
       2
       2
       2
       0
       2
       3
       2
       0
       1
       1
       1
       1
       1
       3
       3
       1
       1
       3
       1
       2
       2
       4
       1
       0
       3
       1
       2
       1
       0
       2
       0
       2
       0
       1
       2
       3
       0
       2
       1
       2
       2
       2
       1
       1
       0
       3
       0
       0
       1
       2
       1
       0
       2
       1
       0
       0
       0
       0
       2
       0
       2
       1
       1
       2
       1
       1
       0
       1
       0
       1
       1
       3
       1
       2
       0
       2
       1
       1
       2
       1
       3
       2
       4
       1
       1
       1
       2
       1
       1
       0
       0
       0
       0
       2
       0
       2
       7
       0
       1
       4
       2
       4
       2
       2
       2
       0
       1
       3
       2
       3
       3
       3
       3
       1
       2
       4
       2
       4
       1
       5
       4
       2
       4
       3
       3
       5
       5
       1
       4
       7
       2
       6
       7
       3
       3
       7
       5
       2
       3
       8
       6
       5
       2
       3
       6
       3
       3
       3
       1
       3
       7
       2
       3
       0
       1
       2
       4
       1
       0
       4
       3
       1
       3
       0
       1
       3
       0
       5
       2
       1
       2
       3
       0
       0
       0
       2
       2
       2
       2
       0
       2
       1
       1
       1
       1
       1
       0
       2
       0
       0
       1
       0
       0
       1
       0
       1
       1
       0
       0
       0
       0
       2
       3
       2
       0
       4
       0
       2
       0
       0
       0
       2
       0
       1
       1
       0
       0
       1
       1
       0
       1
       0
       1
       0
       2
       0
       0
       0
       1
       0
       1
       1
       0
       0
       0
       0
       0
       4
       1
       0
       0
       1
       0
       0
       0
       0
       2
       0
       1
       1
       0
       0
       1
       0
       1
       0
       0
       0
       0
       0
       0
       0
       1
       0
       0
       1
       0
       0
       1
       0
       0
       0
       1
       0
       1
       0
       0
       0
       0
       1
       0
       4
       1
       0
       0
       2
       0
       0
       1
       0
       1
       0
       1
       1
       0
       0
       2
       1
       0
       1
       0
       0
       0
       1
       0
       0
       1
       0
       0
       1
       0
       0
       0
       1
       0
       1
       0
       0
       1
       2
       1
       0
       0
       0
       0
       0
       0
       0
       1
       0
       0
       1
       1
       1
       1
       0
       0
       0
       2
       0
       0
       0
       0
       2
       0
       1
       1
       1
       1
       0
       0
       0
       1
       0
       1
       0
       1
       1
       1
       1
       1
       0
       1
       1
       0
       0
       0
       0
       0
       0
       1
       1
       0
       0
       0
       0
       0
       0
       0
       0
       0
       0
       2
       0
       1
       0
       0
       0
       1
       1
       0
       1
       1
       0
       0
       0
       0
       1
       1
       0
       0
       0
       0
       2
       0
       0
       0
       0
       0
       0
       3
       0
       0
       0
       1
       0
       2
       0
       0
       0
       0
       0
       1
       0
       0
       1
       0
       0
       0
       0
       1
       0
       0
       1
       0
       1
       0
       2
       0
       0
       0
       0
       1
       0
       0
       0
       0
       0
       0
       1
       1
       1
       0
       0
       1
       1
       0
       0
       0
       0
       0
       1
       0
       2
       2
       0
       0
       0
       0
       0
       0
       0
       0
       0
       0
       0
       0
       0
       0
       1
       0
       2
       0
       1
       0
       0
       1
       0
       0
       0
       0
       0
       0
       0
       1
       1
       0
       0
       1
       0
       0
       0
       0
       0
       0
       1
       0
       0
       1
       0
       1
       1
       0
       1
       1
       0
       0
       0
       0
       2
       0
       1
       0
       1
       0
       0
       0
       0
       1
       0
       0
       0
       1
       3
       0
       0
       0
       1
       0
       0
       0
       0
       1
       0
       1
       1
       0
       0
       0
       1
       1
       0
       2
       1
       1
       0
       0
       2
       0
       0
       0
       0
       0
       0
       0
       0
       0
       0
       0
       1
       0
       1
       0
       0
       0
       0
       0
       0
       0
       0
       0
       1
       0
       0
       0
       0
       0
       1
       1
       0
       0
       0
       0
       1
       0
       0
       1
       0
       0
       0
       0
       0
       1
       1
       1
       0
       0
       0
       0
       0
       0
       0
       0
       1
       0
       0
       0
       0
       0
       0
       0
       0
       0
       1
       0
       0
       0
       0
       0
       0
       0
       0
       1
       0
       1
       0
       0
       0
       0
       0
       0
       0
       0
       0
       0
       0
       0
       0
       1
       0
       0
       0
       0
       0
       1
       0
       0
       1
       1
       0
       0
       3
       0
       0
       0
       0
       0
       0
       1
       1
       0
       1
       0
       0
       1
       0
       1
       0
       0
       0
       0
       0
       0
       0
       0
       0
       0
       0
       0
       0
       0
       1
       0
       1
       0
       0
       1
       1
       0
       0
       0
       1
       0
       0
       0
       0
       0
       0
       0
       0
       0
       0
       0
       0
       0
       0
       0
       0
       0
       0
       1
       0
       1
       0
       0
       1
       0
       0
       0
       0
       0
       0
       1
       0
       0
       1
       1
       0
       0
       0
       0
       0
       0
       0
       0
       1
       1
       0
       0
       0
       0
       0
       0
       0
       0
       0
       1
       0
       0
       0
       0
       0
       0
       0
       0
       0
       0
       0
       2
       0
       0
       0
       0
       0
       0
       0
       0
       0
       0
       0
       1
       0
       1
       0
       0
       0
       0
       0
       0
       0
       0
       0
       0
       0
       0
       0
       0
       0
       0
       0
       0
       0
       0
       0
       0
       1
       0
       0
       1
       0
       0
       2
       0
       0
       0
       0
       0
       0
       0
       0
       0
       0
       0
       0
       0
       0
       1
       0
       1
       0
       0
       0
       0
       0
       0
       0
       0
       0
       0
       0
       0
       0
       0
       0
       0
       0
       0
       0
       0
       0
       1
       0
       0
       0
       0
       1
       0
       0
       0
       0
       0
       0
       0
       0
       0
       0
       1
       0
       1
       1
       1
       0
       0
       0
       0
       0
       0
       0
       1
       0
       1
       0
       0
       0
       1
       0
       0
       0
       0
       1
       1
       0
       0
       1
       0
       0
       1
       1
       0
       1
       0
       0
       0
       0
       1
       0
       1
       1
       2
       0
       2
       1
       0
       1
       0
       0
       0
       0
       2
       0
       0
       0
       0
       0
       1
       0
       0
       0
       0
       0
       0
       0
       1
       0
       0
       0
       0
       0
       0
       0
       2
       0
       0
       1
       0
       0
       0
       0
       0
       0
       0
       0
       0
       0
       1
       0
       0
       0
       0
       0
       0
       0
       0
       0
       0
       0
       0
       0
       0
       0
       1
       1
       0
       0
       0
       0
       1
       0
       1
       0
       0
       0
       0
       0
       0
       0
       0
       0
       0
       0
       0
       0
       0
       0
       0
       0
       0
       0
       0
       0
       1
       0
       0
       0
       0
       0
       0
       0
       0
       0
       0
       0
       0
       0
       0
       0
       0
       0
       0
       0
       0
       0
       0
       0
       0
       0
       0
       0
       0
       0
       0
       0
       0
       0
       0
       0
       0
       0
       0
       0
       0
       0
       0
       0
       0
       0
       0
       0
       1
       0
       0
       0
       0
       0
       0
       0
       0
       0
       0
       0
       0
       0
       0
       0
       0
       0
       0
       0
       0
       0
       0
       0
       0
       0
       0
       1
       1
       0
       0
       0
       0
       0
       0
       0
       0
       0
       0
       0
       0
       0
       0
       0
       0
       0
       0
       0
       0
       0
       0
       0
       0
       0
       0
       0
       0
       0
       0
       0
       0
       0
       0
       0
       0
       0
       0
       0
       0
       0
       0
       0
       0
       0
       0
       0
       0
       0
       0
       0
       0
       0
       0
       0
       0
       0
       0
       0
       0
       0
       0
       0
       0
       0
       0
       0
       0
       0
       0
       0
       0
       0
       0
       0
       0
       0
       0
       0
       0
       0
       0
       0
       0
       0
       0
       0
       0
       0
       0
       0
       0
       0
       0
       0
       0
       0
       0
       0
       0
       0
       0
       0
       0
       0
       0
       0
       0
$ROI:
0
$PRESETS:
Real Time
300
0
$ENER_FIT:
0.000000 0.000000
$MCA_CAL:
3
0.000000E+000 0.000000E+000 0.000000E+000 
$SHAPE_CAL:
3
0.000000E+000 0.000000E+000 0.000000E+000
