$SPEC_ID:
No sample description was entered.
$SPEC_REM:
DET# 13001
DETDESC# TL-101B-04 Easy-MCA-2k SN 11350422
AP# Maestro Version 7.01
$DATE_MEA:
03/07/2024 18:43:12
$MEAS_TIM:
299 300
$DATA:
0 2047
       0
       0
       0
       0
       0
       0
       0
       0
       0
       0
       0
       0
       0
       0
       0
       0
       0
       0
       0
      18
      42
      47
      47
      39
      42
      46
      35
      48
      42
      47
      33
      33
      41
      61
      48
      47
      63
      69
      79
      72
      67
      68
      64
      72
      65
      85
      84
      96
      95
      96
     106
     114
     112
     111
     116
     117
     112
     120
     140
     112
     110
     133
     117
     148
     141
     129
     156
     144
     157
     122
     133
     157
     161
     126
     152
     140
     151
     153
     162
     149
     160
     148
     168
     151
     157
     149
     158
     156
     159
     164
     161
     147
     179
     152
     158
     147
     142
     135
     135
     151
     126
     141
     155
     128
     147
     150
     143
     133
     128
     132
     137
     142
     131
     128
     133
     133
     130
     133
     140
     118
     125
     129
     116
     119
     109
     129
     116
     124
     136
     108
     132
     132
     140
     129
     126
     112
     118
      98
     121
     117
     113
     126
     115
     122
     106
     116
     107
     103
      95
     105
      92
      97
      99
     102
      87
      98
      88
      96
      81
      96
      85
     102
      91
      95
      91
      87
      86
      83
      79
      70
      83
      95
      80
      73
      82
      85
      55
      77
      77
      68
      67
      55
      51
      54
      61
      69
      60
      67
      71
      49
      58
      73
      57
      73
      67
      60
      73
      52
      51
      64
      57
      46
      53
      52
      58
      55
      48
      57
      51
      62
      38
      38
      50
      50
      54
      48
      50
      51
      49
      41
      53
      52
      41
      36
      32
      47
      37
      44
      39
      32
      39
      52
      47
      43
      47
      43
      44
      37
      39
      43
      38
      45
      38
      44
      45
      48
      38
      40
      35
      48
      43
      36
      32
      34
      25
      32
      30
      44
      36
      51
      39
      34
      22
      24
      34
      41
      40
      32
      44
      34
      29
      36
      31
      35
      29
      25
      31
      26
      25
      28
      25
      28
      32
      24
      27
      25
      25
      32
      28
      17
      27
      19
      26
      33
      24
      34
      30
      27
      24
      27
      26
      27
      26
      24
      25
      30
      28
      25
      27
      28
      27
      25
      21
      27
      20
      23
      28
      25
      25
      23
      17
      20
      21
      31
      15
      22
      22
      27
      21
      23
      16
      20
      21
      13
      17
      23
      17
      21
      16
      22
      10
      27
      22
      23
      13
      19
      18
      20
      21
      13
      27
      26
      28
      25
       8
      18
      15
      17
      21
      20
      19
      18
      16
      16
      16
      11
      15
      17
      19
      19
      21
      24
      16
      16
      15
      10
      12
      15
      10
      12
      21
      13
      16
      12
      21
      12
      13
      18
      13
      19
      18
      19
      18
      20
      15
      24
      20
      14
      12
      12
      13
      16
      15
      20
      13
      16
      15
      10
      14
      11
      21
      15
      17
      23
      14
      14
      23
      12
      14
      12
      23
       8
      18
      15
      16
      17
      14
      15
      15
      18
      16
      13
      11
      18
      13
      17
      25
      16
      21
      15
      15
      20
      11
      14
      12
      13
      19
      18
      17
      19
      21
      22
      24
       9
      20
      24
      18
      19
      20
      14
      18
      23
      25
      21
      16
      16
      23
      13
      24
      14
      17
      16
      23
      15
      17
      25
      18
      19
      12
      14
      10
       7
      11
      12
      12
       7
       9
       3
      13
       7
       9
      13
       9
       5
       9
       5
       6
       8
       9
      10
       7
       6
      11
       6
       9
       1
       6
       4
       8
       7
       4
       3
       7
       3
       4
       7
       3
       3
       4
       6
       6
       5
       7
       4
       3
       6
       4
       6
       3
       4
       5
       3
       4
       8
       6
       2
       4
       5
       2
       4
       5
       3
       6
       3
       2
       7
       5
       3
       8
       3
       3
       5
       4
       4
       5
       5
       2
       2
       4
       2
       1
       5
       5
       3
       2
       7
       4
       4
       2
       3
       6
       4
       5
       2
       3
       5
       1
       2
       3
       6
       4
       5
       4
       2
       4
       1
       4
       2
       3
       5
       4
       3
       5
       3
       4
       1
       7
       8
       3
       3
       3
       4
       6
       6
       5
       2
       7
       3
       3
       0
       1
       5
       3
       3
       4
       3
       4
       2
       3
       2
       2
       2
       5
       3
       0
       6
       5
       5
       3
       5
       2
       5
       3
       5
       3
       6
       5
       4
       4
       1
       5
       8
       2
       5
       2
       2
       4
       1
       4
       3
       5
       2
       3
       3
       2
       4
       4
       6
       3
       3
       3
       5
       4
       5
       4
       4
       1
       4
       2
       3
       4
       1
       4
       5
       3
       6
       4
       3
       2
       5
       2
       7
       4
       4
       0
       2
       3
       5
       2
       0
       3
       4
       3
       2
       3
       3
       3
       4
       6
       3
       0
       2
       4
       1
       0
       2
       1
       0
       4
       1
       4
       1
       1
       4
       4
       4
       1
       1
       4
       1
       6
       1
       3
       4
       5
       0
       2
       1
       3
       1
       3
       5
       3
       2
       4
       3
       2
       3
       2
       2
       0
       2
       1
       1
       6
       3
       4
       2
       1
       0
       2
       2
       4
       0
       8
       4
       0
       1
       2
       1
       0
       1
       4
       4
       1
       3
       2
       2
       3
       3
       1
       2
       3
       3
       2
       4
       1
       1
       4
       1
       4
       2
       0
       3
       0
       5
       5
       3
       4
       3
       6
       4
       1
       2
       3
       1
       1
       5
       3
       1
       2
       0
       2
       5
       2
       1
       4
       3
       1
       3
       3
       1
       3
       2
       1
       1
       1
       1
       0
       2
       1
       0
       3
       2
       1
       5
       4
       1
       0
       5
       3
       3
       2
       4
       0
       0
       0
       1
       7
       2
       5
       2
       0
       3
       1
       2
       4
       1
       2
       1
       1
       3
       3
       2
       1
       3
       0
       1
       3
       0
       2
       2
       2
       4
       2
       0
       1
       4
       1
       2
       0
       3
       0
       1
       1
       1
       0
       3
       2
       0
       1
       1
       0
       1
       0
       1
       3
       2
       2
       1
       4
       3
       1
       2
       3
       1
       1
       1
       1
       5
       3
       1
       1
       1
       0
       2
       6
       2
       1
       2
       1
       0
       2
       2
       0
       1
       1
       2
       0
       2
       2
       1
       4
       3
       2
       2
       1
       0
       1
       4
       0
       2
       2
       1
       1
       2
       2
       2
       1
       2
       0
       1
       1
       0
       1
       2
       2
       0
       1
       0
       1
       1
       2
       3
       5
       2
       2
       0
       0
       0
       3
       2
       2
       1
       6
       4
       3
       1
       1
       3
       3
       1
       2
       0
       1
       2
       2
       2
       3
       1
       3
       5
       4
       2
       4
       5
       3
       9
       4
       3
       0
       3
       4
       4
       2
       1
       1
       4
       2
       1
       8
       4
       3
       1
       3
       6
       4
       1
       1
       3
       5
       5
       4
       3
       1
       4
       3
       2
       2
       3
       3
       2
       2
       5
       1
       3
       1
       0
       0
       4
       0
       2
       2
       0
       0
       3
       1
       1
       6
       2
       1
       2
       0
       2
       1
       2
       0
       0
       0
       2
       0
       2
       1
       0
       0
       2
       1
       0
       1
       0
       1
       0
       3
       1
       2
       1
       0
       0
       0
       0
       0
       0
       0
       1
       0
       2
       0
       1
       1
       0
       1
       1
       0
       2
       1
       1
       0
       0
       0
       0
       0
       0
       0
       0
       1
       0
       0
       1
       1
       1
       1
       0
       0
       0
       1
       1
       0
       0
       1
       0
       0
       0
       0
       0
       0
       0
       1
       1
       0
       2
       0
       0
       0
       0
       0
       1
       1
       0
       0
       1
       0
       0
       0
       1
       0
       0
       0
       0
       0
       0
       0
       0
       0
       0
       0
       2
       1
       1
       1
       0
       0
       0
       0
       0
       0
       0
       0
       0
       0
       2
       0
       1
       0
       2
       1
       1
       1
       0
       0
       0
       0
       0
       0
       0
       0
       2
       0
       0
       0
       0
       0
       1
       0
       0
       1
       2
       1
       0
       0
       1
       1
       1
       3
       0
       0
       0
       1
       0
       2
       1
       1
       0
       0
       0
       1
       2
       0
       1
       0
       0
       1
       0
       0
       0
       1
       0
       0
       0
       1
       0
       1
       0
       0
       0
       0
       2
       0
       0
       1
       2
       0
       0
       1
       2
       0
       3
       1
       0
       1
       0
       0
       1
       0
       1
       0
       0
       0
       0
       0
       0
       0
       0
       0
       0
       0
       0
       0
       0
       0
       0
       0
       0
       0
       0
       1
       3
       0
       1
       0
       2
       0
       0
       0
       0
       0
       0
       0
       0
       1
       0
       0
       0
       1
       1
       0
       0
       0
       1
       0
       1
       0
       0
       0
       0
       0
       0
       0
       1
       0
       0
       0
       0
       0
       0
       1
       0
       0
       0
       1
       0
       0
       0
       0
       1
       0
       2
       1
       1
       0
       1
       1
       0
       0
       1
       0
       0
       1
       0
       0
       2
       1
       1
       0
       0
       0
       0
       0
       0
       1
       1
       0
       0
       0
       1
       0
       0
       1
       0
       0
       0
       0
       0
       0
       0
       0
       0
       0
       0
       0
       0
       1
       0
       0
       0
       0
       0
       0
       0
       0
       0
       0
       1
       0
       0
       0
       0
       0
       1
       0
       0
       0
       0
       0
       0
       0
       1
       0
       0
       0
       1
       0
       0
       0
       0
       0
       0
       0
       1
       0
       0
       0
       0
       0
       0
       0
       0
       0
       0
       0
       0
       0
       1
       0
       0
       1
       0
       0
       1
       0
       0
       0
       0
       0
       0
       1
       0
       0
       0
       1
       1
       2
       0
       1
       1
       0
       1
       0
       0
       1
       0
       1
       1
       0
       0
       0
       0
       1
       2
       0
       1
       1
       0
       1
       2
       0
       1
       0
       0
       0
       0
       0
       0
       0
       0
       0
       1
       0
       0
       0
       0
       0
       0
       0
       2
       1
       0
       0
       0
       0
       0
       0
       0
       0
       0
       0
       1
       0
       1
       0
       0
       0
       0
       0
       2
       0
       0
       0
       3
       0
       0
       0
       0
       0
       0
       0
       0
       0
       0
       0
       1
       0
       1
       0
       0
       1
       1
       0
       0
       0
       0
       0
       0
       0
       0
       0
       1
       0
       0
       0
       1
       0
       0
       0
       0
       0
       0
       0
       1
       0
       0
       0
       0
       0
       0
       1
       0
       0
       0
       1
       0
       0
       1
       1
       0
       0
       0
       1
       0
       0
       1
       0
       0
       2
       0
       0
       0
       0
       0
       0
       0
       0
       1
       0
       0
       0
       0
       0
       0
       0
       0
       0
       0
       0
       0
       0
       0
       0
       1
       0
       0
       1
       0
       0
       1
       0
       0
       1
       1
       0
       1
       0
       0
       0
       0
       0
       0
       0
       0
       0
       0
       0
       0
       1
       0
       1
       0
       0
       0
       0
       0
       2
       0
       0
       0
       0
       1
       0
       0
       1
       0
       0
       0
       0
       0
       0
       0
       1
       1
       0
       0
       0
       0
       0
       1
       0
       0
       1
       0
       0
       0
       0
       0
       0
       0
       0
       0
       0
       0
       1
       0
       0
       1
       0
       0
       0
       0
       0
       0
       0
       0
       0
       1
       0
       0
       0
       0
       0
       0
       0
       1
       0
       0
       0
       0
       0
       0
       0
       0
       0
       0
       0
       0
       0
       0
       0
       1
       0
       0
       0
       0
       0
       0
       0
       0
       0
       0
       0
       0
       0
       0
       0
       0
       0
       0
       0
       0
       0
       0
       0
       0
       0
       0
       0
       0
       0
       0
       0
       0
       0
       0
       0
       0
       0
       0
       0
       0
       0
       0
       0
       0
       0
       1
       0
       0
       0
       3
       0
       1
       0
       0
       0
       0
       0
       0
       1
       0
       1
       0
       0
       0
       0
       0
       1
       0
       1
       0
       0
       0
       0
       0
       0
       0
       0
       0
       0
       2
       1
       0
       0
       2
       0
       0
       0
       0
       0
       1
       0
       0
       0
       1
       0
       0
       0
       0
       1
       0
       0
       0
       0
       0
       1
       0
       0
       0
       0
       0
       0
       1
       0
       0
       0
       0
       0
       0
       0
       1
       0
       0
       1
       0
       1
       0
       0
       0
       0
       0
       0
       0
       0
       0
       0
       0
       0
       0
       0
       1
       0
       0
       0
       0
       0
       0
       1
       0
       0
       0
       0
       0
       0
       0
       0
       0
       0
       0
       0
       0
       0
       0
       0
       0
       0
       0
       0
       0
       0
       0
       0
       0
       0
       0
       0
       0
       0
       0
       0
       0
       0
       0
       0
       0
       0
       0
       0
       1
       0
       0
       0
       0
       0
       0
       0
       0
       0
       0
       0
       0
       0
       0
       0
       0
       0
       0
       0
       0
       0
       0
       0
       0
       0
       0
       0
       0
       0
       0
       0
       0
       0
       0
       0
       0
       0
       0
       0
       0
       0
       0
       0
       0
       0
       0
       0
       0
       0
       0
       0
       0
       0
       0
       0
       0
       0
       0
       0
       0
       0
       0
       0
       0
       0
       1
       0
       0
       0
       0
       0
       0
       0
       0
       0
       0
       0
       0
       0
       0
       0
       0
       0
       0
       0
       0
       0
       0
       0
       0
       0
       0
       0
       0
       0
       0
       0
       0
       0
       0
       0
       0
       0
       1
       0
       0
       0
       0
       0
       0
       0
       0
       0
       0
       0
       0
       0
       1
       0
       0
       0
       0
       0
       0
       0
       0
       0
       0
       0
       0
       0
       0
       0
       0
       0
       0
       0
       0
       0
       0
       0
       0
       0
       0
       0
       0
       0
       0
       0
       0
       0
       0
       0
       0
       0
       0
       0
       0
       0
       0
       0
       0
       0
       0
$ROI:
0
$PRESETS:
Real Time
300
0
$ENER_FIT:
0.000000 0.000000
$MCA_CAL:
3
0.000000E+000 0.000000E+000 0.000000E+000 
$SHAPE_CAL:
3
0.000000E+000 0.000000E+000 0.000000E+000
