$SPEC_ID:
No sample description was entered.
$SPEC_REM:
DET# 13001
DETDESC# TL-101B-04 Easy-MCA-2k SN 11350422
AP# Maestro Version 7.01
$DATE_MEA:
03/07/2024 18:31:57
$MEAS_TIM:
297 300
$DATA:
0 2047
       0
       0
       0
       0
       0
       0
       0
       0
       0
       0
       0
       0
       0
       0
       0
       0
       0
       0
       0
      62
     220
     298
     360
     471
     577
     642
     590
     501
     385
     227
     195
     162
     138
     122
     105
     122
     107
      90
     114
     127
     122
     117
     137
     127
     117
     150
     116
     153
     165
     188
     159
     161
     180
     155
     172
     163
     215
     210
     198
     210
     215
     224
     196
     207
     202
     200
     220
     241
     215
     211
     221
     209
     240
     220
     218
     261
     218
     240
     250
     227
     240
     240
     255
     223
     245
     236
     252
     239
     248
     214
     229
     259
     225
     237
     245
     252
     264
     233
     246
     228
     223
     256
     257
     236
     241
     221
     234
     251
     233
     224
     248
     221
     235
     197
     213
     223
     222
     254
     211
     223
     250
     211
     236
     237
     249
     247
     238
     245
     234
     213
     229
     199
     239
     239
     260
     263
     233
     265
     228
     286
     238
     261
     266
     262
     250
     243
     270
     245
     244
     268
     250
     259
     243
     246
     246
     248
     263
     280
     263
     240
     248
     260
     234
     244
     238
     220
     226
     226
     224
     238
     212
     256
     204
     232
     208
     219
     204
     205
     212
     202
     192
     169
     171
     197
     184
     173
     177
     167
     159
     165
     151
     126
     130
     134
     146
     153
     142
     138
     130
     126
     120
     129
      95
     115
     126
     121
     112
     107
     115
      97
     101
     103
     106
     101
     104
     104
     104
     106
     101
     104
     100
     105
      91
      92
      99
      94
     111
      82
     103
      91
      93
     115
      85
     108
     107
      87
      83
      95
      89
      88
      96
      94
      82
      73
      78
      89
      81
      97
      81
      80
      66
      71
      90
      94
     111
      87
      84
      95
      62
      85
      80
      93
      78
      79
      78
      92
      84
      67
      79
      83
      77
      76
      80
      65
      92
      91
      95
      80
      79
      81
      82
      90
      79
      70
      89
      87
      66
      63
      77
      81
      73
      78
      79
      74
      76
      73
      71
      71
      69
      83
      75
      72
      72
      78
      66
      76
      87
      70
      69
      59
      51
      80
      67
      74
      45
      74
      65
      56
      65
      62
      53
      57
      62
      56
      55
      59
      67
      46
      44
      41
      42
      53
      53
      46
      37
      48
      41
      48
      43
      47
      35
      27
      38
      23
      37
      42
      27
      35
      21
      41
      30
      27
      31
      29
      18
      29
      26
      28
      22
      25
      18
      22
      27
      24
      20
      21
      25
      25
      24
      22
      13
      17
      23
      14
      23
      16
      17
      14
      18
      20
      23
      16
      14
      14
      21
      13
      13
      17
      16
      13
      14
       9
      20
      21
      16
      12
      16
      20
      23
      18
      21
      15
      19
      16
      17
      18
      22
      15
      15
      21
      20
      19
      19
      23
      15
      21
      31
      25
      17
      21
      21
      25
      30
      29
      33
      31
      37
      50
      45
      56
      48
      46
      62
      55
      58
      63
      77
      82
      81
      96
      84
     117
     122
     134
     147
     151
     148
     190
     198
     206
     220
     215
     219
     275
     242
     264
     288
     289
     288
     320
     289
     308
     308
     318
     340
     339
     322
     308
     346
     323
     312
     303
     299
     299
     299
     294
     248
     247
     250
     253
     216
     204
     192
     151
     157
     114
     116
     132
     112
     112
      97
     108
      74
      62
      60
      59
      53
      28
      35
      25
      31
      23
      24
      17
      16
      18
      15
      14
      10
      10
      11
      13
       1
      11
       5
       6
      11
       5
       2
       6
       5
       7
       5
       7
       3
       4
       5
       5
       4
       6
       4
       5
       6
       2
       2
       3
       3
       6
       1
       5
       5
       2
       4
       6
       3
      10
       2
       6
       4
       0
       4
       5
       6
       4
       2
       4
       3
       4
       4
       7
       4
       5
       6
       5
       7
       1
       3
       3
       5
       4
       4
       4
       1
      12
       5
       1
       3
       4
       2
       4
       1
       8
       2
       3
       6
       0
       2
       8
       6
       3
       5
       4
       3
       1
       1
       4
       7
       3
       1
       6
       6
       8
       6
       1
       4
       4
       7
       2
       4
       9
       3
       4
       8
       1
       4
       5
       7
       4
       3
       7
       4
       2
       7
       3
       3
       7
       2
       2
       4
       6
       2
       4
       5
       4
       5
       2
       8
       4
       4
       5
       4
       6
       7
       3
       3
       3
       2
       2
       2
       2
       2
       3
       2
       4
       1
       3
       3
       2
       4
       2
       2
       3
       1
       6
       2
       3
       6
       1
       4
       3
       3
       2
       2
       4
       4
       5
       1
       6
       5
       6
       3
       4
       6
       4
       2
       1
       1
       2
       5
       4
       0
       5
       3
       2
       5
       4
       6
       3
       3
       1
       4
       1
       2
       1
       3
       3
       5
       0
       2
       2
       1
       2
       1
       1
       6
       3
       3
       5
       2
       4
       2
       1
       2
       2
       3
       3
       2
       4
       2
       1
       3
       1
       3
       0
       1
       4
       1
       0
       2
       5
       3
       3
       0
       2
       4
       3
       6
       4
       5
       3
       3
       4
       3
       2
       0
       1
       2
       3
       2
       5
       1
       3
       0
       1
       0
       0
       4
       1
       5
       3
       1
       3
       3
       4
       4
       2
       2
       2
       3
       3
       1
       3
       0
       1
       2
       3
       4
       1
       4
       2
       1
       3
       6
       2
       5
       1
       1
       1
       4
       1
       2
       6
       3
       3
       5
       0
       2
       2
       2
       4
       3
       1
       1
       2
       2
       3
       4
       2
       1
       5
       3
       1
       2
       4
       0
       3
       2
       5
       5
       4
       2
       1
       0
       2
       4
       3
       3
       2
       1
       3
       3
       0
       0
       3
       2
       4
       2
       1
       2
       1
       2
       3
       3
       3
       6
       2
       2
       1
       2
       0
       0
       2
       2
       0
       1
       2
       0
       1
       0
       3
       3
       2
       2
       6
       4
       4
       0
       2
       1
       0
       0
       1
       2
       3
       2
       1
       1
       1
       1
       2
       2
       1
       0
       1
       0
       0
       3
       4
       1
       1
       0
       1
       0
       2
       0
       2
       1
       1
       3
       4
       4
       1
       1
       1
       0
       0
       2
       1
       1
       1
       1
       2
       0
       2
       1
       1
       1
       2
       3
       2
       3
       1
       1
       1
       1
       2
       3
       0
       0
       1
       2
       0
       2
       1
       2
       1
       2
       3
       2
       1
       3
       3
       5
       0
       4
       1
       0
       2
       5
       2
       4
       0
       1
       1
       0
       3
       0
       4
       4
       1
       3
       3
       1
       4
       0
       2
       3
       4
       6
       5
       3
       3
       3
       3
       5
       4
       5
       3
       4
       1
       3
       2
       3
       4
       7
       4
       2
       6
      11
       5
       0
       2
       5
       8
       5
       2
       3
       3
       8
       3
       2
       3
       1
       6
       5
       7
       0
       4
       4
       5
       4
       2
       4
       2
       3
       2
       0
       1
       1
       3
       5
       4
       1
       5
       5
       2
       1
       3
       3
       2
       0
       5
       2
       1
       1
       2
       1
       1
       1
       2
       2
       2
       0
       3
       0
       1
       0
       2
       1
       1
       2
       1
       1
       1
       1
       1
       1
       0
       1
       0
       0
       0
       0
       0
       2
       2
       1
       1
       0
       0
       0
       0
       0
       0
       2
       0
       1
       3
       0
       1
       3
       0
       1
       1
       1
       2
       2
       1
       1
       1
       2
       0
       0
       0
       2
       0
       0
       2
       0
       1
       0
       1
       0
       0
       2
       0
       1
       1
       0
       0
       0
       0
       0
       1
       0
       2
       1
       0
       1
       2
       1
       1
       1
       0
       1
       1
       0
       3
       0
       0
       0
       0
       0
       0
       0
       1
       1
       1
       0
       1
       0
       0
       0
       0
       1
       0
       0
       0
       2
       1
       0
       0
       0
       2
       0
       0
       0
       0
       1
       0
       0
       3
       0
       0
       1
       1
       0
       0
       0
       0
       1
       0
       1
       0
       1
       1
       0
       1
       0
       0
       0
       0
       0
       0
       1
       2
       1
       1
       2
       0
       0
       0
       0
       1
       1
       0
       0
       1
       0
       1
       0
       2
       0
       0
       1
       3
       0
       0
       1
       1
       0
       0
       0
       0
       0
       0
       0
       1
       0
       1
       0
       0
       0
       1
       0
       1
       2
       0
       0
       0
       0
       4
       0
       0
       0
       0
       0
       1
       2
       0
       0
       1
       0
       2
       1
       0
       0
       1
       0
       0
       0
       1
       0
       1
       0
       0
       1
       0
       0
       0
       1
       0
       0
       0
       0
       0
       0
       0
       0
       1
       1
       0
       1
       0
       0
       0
       0
       0
       1
       0
       0
       0
       0
       0
       1
       0
       0
       0
       0
       0
       1
       0
       0
       0
       0
       0
       2
       0
       0
       0
       0
       0
       0
       0
       1
       0
       0
       0
       0
       0
       0
       0
       0
       1
       0
       0
       1
       1
       1
       0
       0
       0
       0
       1
       0
       0
       0
       1
       0
       0
       0
       0
       0
       0
       1
       0
       0
       0
       0
       0
       1
       0
       2
       0
       0
       0
       0
       0
       0
       0
       0
       1
       0
       0
       1
       0
       0
       0
       0
       1
       1
       0
       1
       0
       1
       0
       0
       1
       0
       0
       0
       0
       1
       0
       0
       0
       0
       2
       0
       0
       0
       0
       0
       0
       1
       0
       0
       1
       0
       0
       0
       0
       1
       0
       2
       0
       1
       1
       0
       1
       0
       0
       0
       0
       1
       0
       0
       0
       0
       0
       0
       1
       1
       0
       0
       0
       0
       0
       1
       2
       0
       0
       1
       0
       0
       0
       0
       2
       0
       0
       1
       0
       0
       0
       0
       0
       0
       1
       0
       0
       0
       0
       0
       0
       0
       1
       0
       0
       0
       0
       0
       0
       1
       0
       0
       0
       0
       1
       0
       0
       0
       1
       0
       0
       0
       0
       1
       1
       0
       0
       0
       0
       1
       0
       0
       0
       1
       1
       1
       0
       0
       0
       0
       0
       0
       0
       1
       0
       2
       0
       0
       0
       2
       0
       0
       0
       0
       2
       1
       0
       1
       0
       0
       0
       0
       1
       0
       0
       1
       3
       0
       0
       0
       1
       0
       0
       0
       1
       0
       0
       0
       0
       0
       0
       0
       0
       2
       1
       0
       1
       0
       0
       1
       0
       0
       1
       0
       0
       0
       1
       0
       0
       0
       1
       0
       0
       0
       0
       1
       0
       0
       0
       0
       0
       1
       1
       0
       1
       0
       0
       0
       0
       1
       0
       0
       0
       1
       0
       0
       0
       0
       0
       0
       0
       0
       1
       0
       0
       0
       0
       0
       0
       0
       1
       0
       0
       0
       0
       0
       1
       0
       0
       0
       0
       0
       0
       0
       0
       0
       0
       0
       0
       0
       0
       0
       1
       0
       0
       0
       0
       0
       0
       0
       1
       0
       0
       1
       0
       0
       0
       0
       0
       0
       0
       0
       0
       0
       0
       0
       0
       0
       0
       0
       0
       0
       0
       0
       2
       0
       0
       1
       1
       0
       0
       0
       0
       0
       0
       0
       0
       0
       0
       0
       0
       0
       0
       0
       0
       0
       0
       0
       0
       0
       0
       0
       0
       1
       0
       0
       0
       0
       0
       0
       0
       0
       0
       0
       0
       0
       0
       0
       0
       0
       0
       0
       0
       0
       0
       0
       0
       1
       0
       0
       0
       0
       0
       0
       0
       0
       0
       0
       0
       0
       0
       0
       2
       0
       1
       0
       0
       0
       0
       0
       0
       0
       0
       0
       0
       0
       0
       0
       0
       0
       0
       0
       0
       0
       0
       1
       0
       0
       0
       0
       0
       1
       0
       0
       1
       0
       1
       0
       0
       1
       0
       0
       0
       0
       0
       0
       0
       0
       1
       0
       0
       1
       0
       1
       1
       0
       0
       0
       0
       0
       0
       0
       0
       0
       1
       0
       0
       0
       1
       0
       1
       1
       0
       0
       0
       1
       0
       0
       0
       0
       0
       0
       0
       1
       0
       0
       1
       0
       0
       0
       0
       0
       0
       1
       0
       1
       1
       0
       1
       0
       0
       1
       0
       0
       0
       0
       1
       0
       0
       0
       0
       0
       0
       1
       0
       0
       0
       0
       1
       0
       0
       0
       0
       0
       0
       0
       0
       0
       0
       0
       0
       0
       0
       0
       0
       0
       0
       0
       0
       0
       0
       0
       0
       0
       1
       0
       0
       0
       1
       0
       0
       0
       0
       0
       0
       0
       0
       0
       0
       0
       0
       0
       0
       0
       0
       0
       0
       0
       0
       0
       0
       0
       0
       0
       0
       0
       0
       0
       0
       0
       0
       0
       0
       1
       0
       0
       0
       0
       0
       0
       0
       0
       0
       0
       0
       0
       0
       0
       0
       0
       0
       0
       0
       0
       0
       0
       0
       0
       0
       0
       0
       0
       0
       0
       0
       0
       0
       0
       0
       0
       0
       0
       0
       0
       0
       0
       0
       0
       0
       0
       0
       0
       0
       0
       0
       0
       0
       0
       0
       0
       0
       0
       0
       0
       0
       0
       0
       0
       0
       0
       0
       0
       1
       0
       0
       0
       0
       0
       1
       0
       0
       0
       0
       0
       0
       1
       0
       0
       0
       0
       0
       0
       0
       0
       0
       0
       1
       0
       0
       0
       0
       0
       0
       0
       0
       0
       0
       0
       0
       0
       0
       0
       0
       0
       0
       0
       0
       0
       0
       0
       0
       0
       0
       0
       0
       0
       0
       0
       0
       0
       0
       0
       0
       0
       0
       0
       0
       0
       0
       0
       0
       0
       0
       0
       0
       0
       0
       0
       0
       0
       0
       0
       0
       0
       0
$ROI:
0
$PRESETS:
Real Time
300
0
$ENER_FIT:
0.000000 0.000000
$MCA_CAL:
3
0.000000E+000 0.000000E+000 0.000000E+000 
$SHAPE_CAL:
3
0.000000E+000 0.000000E+000 0.000000E+000
