$SPEC_ID:
No sample description was entered.
$SPEC_REM:
DET# 13001
DETDESC# TL-101B-04 Easy-MCA-2k SN 11350422
AP# Maestro Version 7.01
$DATE_MEA:
03/07/2024 19:28:00
$MEAS_TIM:
299 300
$DATA:
0 2047
       0
       0
       0
       0
       0
       0
       0
       0
       0
       0
       0
       0
       0
       0
       0
       0
       0
       0
       0
      11
      44
      37
      39
      41
      38
      37
      38
      40
      45
      50
      50
      50
      42
      61
      59
      50
      64
      59
      73
      74
      68
      58
      69
      72
      73
      87
      79
      97
      94
      82
     107
     110
     124
     126
     107
     126
     133
     127
     111
     148
     122
     148
     117
     138
     132
     141
     131
     149
     153
     138
     126
     141
     132
     145
     156
     150
     145
     141
     157
     123
     139
     160
     134
     139
     153
     136
     148
     133
     138
     124
     147
     131
     143
     156
     155
     148
     152
     123
     157
     142
     123
     129
     142
     124
     135
     129
     124
     109
     132
     117
     131
     129
     123
     119
     123
     133
     101
     123
     107
     114
     132
     118
     120
     115
     113
      97
     119
     120
     122
     114
      97
      94
     110
     109
     116
     102
     115
     116
      86
     105
     115
      89
     104
     105
     106
     102
      69
      90
      89
      94
      97
      91
     101
      92
      78
      84
      82
      85
      65
      81
      85
      82
      84
      81
      78
      76
      84
      77
      70
      76
      73
      59
      67
      52
      75
      61
      56
      61
      55
      53
      60
      59
      55
      51
      56
      53
      41
      45
      46
      54
      51
      43
      50
      56
      45
      45
      41
      43
      39
      27
      39
      43
      39
      38
      38
      30
      44
      27
      38
      42
      42
      42
      22
      32
      40
      46
      30
      39
      24
      39
      34
      28
      24
      39
      34
      31
      39
      31
      27
      25
      37
      30
      24
      31
      33
      37
      34
      27
      33
      30
      28
      34
      36
      27
      33
      27
      37
      20
      25
      32
      26
      30
      15
      20
      21
      25
      29
      24
      21
      21
      22
      22
      25
      22
      23
      27
      14
      27
      27
      25
      12
      25
      23
      14
      22
      21
      21
      22
      19
      21
      29
      26
       8
      26
      18
      13
      20
      23
      19
      13
      20
      26
      16
      17
      19
      17
      25
      23
      18
      14
      17
      16
      18
      17
      11
      16
      22
      15
      19
      13
      24
      20
      15
       8
      17
      12
      21
      16
      10
      16
      14
       8
      23
      14
      16
      14
      11
      11
      10
      15
      20
       8
      11
      15
       9
      11
      18
      16
      14
      15
      12
       8
      13
      10
      12
      16
      20
      14
      11
      15
      17
      14
      15
      14
       8
       9
      10
      15
       8
      13
      10
       9
      11
      16
      11
      16
      11
      14
      16
      14
      16
      15
      13
       9
      13
      10
      15
       9
      15
      10
      16
       7
      10
       9
      13
       9
       9
      10
       8
      14
      10
      11
      12
      13
       9
      13
      13
      13
      11
      14
       9
      12
      10
       7
      15
      20
      14
      10
      13
      12
      14
      12
       9
       8
      11
      10
      10
      10
       9
      16
      11
      15
      13
      11
       6
      12
       8
      10
      11
      14
      18
      11
      10
      13
      15
      14
      15
      10
      14
      16
      17
      12
      19
      19
      14
      15
      19
      17
      13
      15
      20
      26
      16
      16
      17
      21
      19
      20
      27
      22
      22
      31
      26
      25
      27
      21
      25
      16
      18
      20
      21
      25
      11
      23
      25
      17
      20
      19
      18
      13
      14
      16
      15
      10
      13
      14
       6
      10
       9
      10
       8
       5
       5
      10
       8
       9
       3
      10
       4
       7
       3
       6
       5
       5
       4
       5
       6
       7
      11
       8
       6
       5
       2
       9
       4
       7
       4
       3
       2
       2
       4
       1
       5
       4
       5
       2
       4
       4
       8
       4
       6
       4
       5
       4
       6
       5
       5
       8
       7
       2
       2
       3
       5
       4
       6
       9
       5
       3
       1
       2
       8
       3
       4
       4
       6
       5
       4
       6
       6
       2
       3
       6
       3
       3
       4
       3
       8
       3
       2
       0
       2
       1
       6
       1
       4
       3
       2
       4
       2
       6
       8
       4
       9
       3
       1
       2
       5
       3
       3
       4
       1
       3
       8
       1
       6
       5
       3
       3
       1
       3
       5
       5
       2
       1
       4
       2
       3
       9
       1
       5
       0
       3
       5
       2
       2
       3
       1
       3
       2
       3
       5
       4
       3
       4
       7
       7
       2
       3
       4
       3
       1
       1
       2
       4
       5
       3
       3
       5
       3
       2
       8
       8
       6
       1
       4
       2
       2
       3
       2
       7
       4
       5
       6
       3
       2
       3
       2
       4
       1
       5
       5
       0
       4
       6
       3
       4
       1
       2
       4
       4
       1
       2
       2
       6
       3
       6
       3
       5
       3
       2
       6
       3
       6
       3
       3
       2
       1
       2
       3
       3
       1
       1
       2
       2
       2
       2
       1
       1
       3
       1
       5
       2
       3
       5
       3
       1
       3
       3
       3
       2
       1
       0
       1
       0
       2
       2
       1
       0
       2
       2
       4
       6
       1
       3
       1
       2
       5
       6
       2
       1
       2
       1
       6
       8
       2
       2
       4
       1
       1
       4
       6
       2
       4
       0
       2
       2
       1
       5
       1
       5
       2
       2
       2
       3
       2
       2
       1
       2
       4
       2
       3
       1
       3
       5
       3
       2
       0
       3
       4
       2
       2
       2
       5
       1
       4
       1
       6
       6
       2
       5
       3
       1
       4
       3
       0
       2
       0
       0
       2
       0
       2
       1
       1
       1
       2
       1
       1
       1
       3
       3
       4
       0
       5
       3
       2
       3
       4
       3
       5
       2
       2
       3
       3
       4
       5
       2
       3
       0
       2
       0
       1
       4
       2
       1
       1
       1
       2
       2
       3
       3
       0
       0
       5
       1
       1
       2
       2
       2
       2
       0
       3
       1
       3
       2
       3
       4
       2
       1
       0
       2
       3
       3
       2
       2
       2
       1
       0
       3
       2
       2
       1
       0
       3
       1
       2
       4
       1
       2
       2
       0
       2
       1
       2
       1
       0
       2
       1
       2
       2
       1
       0
       0
       2
       0
       1
       3
       0
       1
       3
       1
       1
       3
       1
       2
       2
       2
       0
       2
       0
       0
       0
       2
       1
       1
       1
       1
       2
       0
       2
       0
       0
       3
       1
       0
       1
       1
       0
       1
       1
       1
       1
       1
       1
       2
       1
       1
       1
       1
       1
       1
       3
       2
       0
       1
       2
       1
       0
       1
       2
       2
       3
       0
       0
       0
       0
       1
       2
       1
       0
       2
       2
       2
       2
       1
       0
       2
       2
       3
       0
       3
       1
       2
       1
       2
       1
       1
       3
       5
       3
       4
       1
       3
       2
       2
       3
       1
       1
       1
       1
       5
       4
       2
       2
       3
       2
       1
       5
       3
       4
       4
       2
       5
       7
       3
       5
       2
       1
       3
       6
       5
       4
       5
       4
       2
       6
       2
       7
       5
       0
       0
       4
       6
       5
       2
       1
       3
       2
       2
       2
       3
       2
       1
       4
       5
       4
       2
       3
       1
       2
       1
       1
       1
       0
       0
       0
       3
       1
       2
       1
       1
       2
       2
       0
       0
       2
       1
       3
       0
       1
       0
       1
       2
       1
       0
       0
       1
       2
       1
       1
       0
       1
       0
       2
       0
       0
       0
       0
       1
       0
       0
       0
       0
       0
       1
       0
       1
       0
       0
       1
       1
       2
       0
       0
       0
       0
       0
       0
       0
       1
       0
       1
       1
       0
       2
       0
       0
       0
       0
       0
       0
       0
       1
       1
       0
       0
       0
       1
       0
       0
       0
       1
       0
       0
       2
       1
       0
       0
       0
       0
       1
       0
       1
       0
       1
       0
       0
       0
       0
       0
       0
       0
       1
       0
       0
       1
       0
       0
       0
       0
       0
       0
       1
       0
       1
       0
       1
       0
       1
       1
       1
       0
       0
       1
       0
       1
       0
       0
       0
       0
       0
       0
       1
       1
       4
       2
       1
       0
       1
       1
       1
       1
       2
       0
       1
       0
       1
       0
       0
       0
       1
       0
       0
       2
       1
       0
       0
       1
       0
       0
       0
       1
       1
       0
       0
       0
       0
       0
       0
       0
       2
       0
       0
       0
       1
       0
       1
       0
       0
       0
       0
       1
       0
       0
       0
       1
       0
       0
       1
       0
       0
       1
       0
       0
       3
       0
       1
       0
       0
       0
       1
       1
       0
       0
       0
       0
       0
       0
       0
       0
       0
       0
       0
       0
       1
       0
       1
       0
       1
       1
       1
       0
       1
       0
       0
       1
       0
       0
       0
       0
       0
       0
       0
       0
       0
       0
       0
       0
       0
       0
       0
       0
       0
       0
       0
       0
       1
       0
       2
       0
       0
       0
       0
       0
       0
       0
       0
       0
       0
       1
       0
       0
       0
       0
       1
       1
       0
       1
       1
       1
       0
       2
       1
       0
       0
       0
       2
       0
       0
       0
       0
       1
       0
       0
       1
       0
       0
       0
       0
       2
       1
       0
       0
       0
       0
       0
       0
       1
       0
       1
       0
       1
       1
       0
       0
       0
       0
       2
       0
       0
       0
       0
       0
       0
       0
       0
       0
       0
       0
       1
       0
       0
       0
       2
       0
       1
       0
       0
       1
       0
       0
       0
       0
       0
       0
       0
       0
       0
       0
       0
       0
       1
       0
       0
       0
       0
       0
       0
       0
       0
       0
       0
       0
       0
       0
       0
       1
       2
       0
       0
       1
       0
       1
       0
       0
       1
       0
       0
       0
       0
       0
       1
       2
       0
       1
       0
       0
       0
       0
       0
       0
       0
       1
       0
       0
       0
       0
       0
       0
       0
       0
       0
       0
       1
       0
       0
       0
       0
       0
       1
       0
       0
       2
       0
       0
       0
       0
       0
       0
       0
       0
       0
       1
       0
       0
       0
       0
       0
       2
       0
       0
       0
       0
       0
       1
       2
       0
       0
       0
       1
       1
       1
       1
       0
       0
       1
       0
       0
       1
       0
       0
       0
       1
       0
       0
       0
       0
       1
       0
       0
       0
       0
       1
       0
       0
       0
       0
       0
       2
       0
       0
       2
       0
       0
       0
       0
       2
       0
       1
       1
       0
       0
       1
       0
       0
       0
       1
       0
       0
       1
       0
       0
       0
       1
       0
       0
       0
       0
       0
       0
       0
       1
       0
       0
       0
       1
       0
       0
       0
       0
       0
       0
       0
       0
       1
       0
       0
       0
       0
       0
       0
       0
       0
       0
       0
       0
       0
       0
       1
       0
       0
       0
       0
       0
       1
       0
       0
       1
       1
       1
       0
       0
       0
       0
       0
       0
       0
       0
       0
       0
       0
       0
       0
       0
       0
       0
       0
       1
       0
       0
       1
       0
       0
       0
       0
       0
       0
       0
       0
       0
       0
       1
       0
       0
       0
       0
       0
       0
       0
       0
       1
       0
       0
       0
       0
       0
       0
       0
       0
       0
       0
       0
       0
       0
       0
       0
       0
       0
       0
       0
       0
       0
       0
       0
       0
       0
       0
       0
       0
       0
       0
       1
       0
       0
       0
       0
       0
       0
       1
       0
       0
       0
       0
       0
       1
       0
       0
       0
       0
       0
       1
       0
       0
       0
       0
       0
       1
       0
       0
       0
       0
       0
       0
       0
       0
       0
       0
       0
       0
       0
       0
       0
       0
       1
       0
       0
       0
       0
       0
       0
       0
       0
       0
       0
       0
       0
       0
       1
       0
       0
       0
       1
       0
       0
       0
       0
       0
       0
       0
       0
       1
       0
       0
       0
       0
       0
       0
       0
       0
       0
       0
       0
       0
       0
       0
       0
       1
       1
       0
       0
       0
       0
       0
       0
       0
       0
       0
       0
       1
       0
       0
       0
       0
       0
       0
       0
       0
       0
       0
       0
       1
       0
       0
       1
       0
       0
       0
       0
       0
       0
       1
       0
       0
       0
       0
       0
       0
       0
       0
       1
       0
       1
       0
       0
       0
       0
       0
       1
       2
       0
       0
       0
       0
       1
       0
       0
       0
       0
       1
       1
       0
       0
       1
       0
       0
       1
       0
       0
       0
       1
       1
       0
       0
       0
       1
       0
       0
       1
       0
       0
       0
       0
       0
       0
       0
       0
       0
       0
       0
       0
       0
       0
       0
       0
       0
       0
       0
       0
       0
       0
       0
       0
       0
       0
       0
       0
       0
       0
       0
       0
       0
       0
       0
       0
       1
       0
       0
       0
       0
       0
       0
       0
       0
       0
       0
       0
       0
       0
       1
       0
       0
       0
       0
       0
       0
       0
       0
       0
       0
       0
       0
       0
       0
       1
       0
       0
       0
       0
       0
       0
       0
       0
       0
       0
       0
       0
       0
       0
       0
       0
       0
       0
       0
       0
       0
       0
       0
       0
       0
       0
       0
       0
       0
       0
       1
       0
       0
       0
       0
       0
       0
       0
       0
       0
       0
       0
       0
       0
       0
       0
       0
       0
       0
       0
       0
       0
       0
       0
       0
       0
       0
       0
       0
       0
       0
       0
       0
       0
       0
       0
       0
       0
       0
       0
       0
       0
       0
       0
       0
       0
       0
       0
       0
       0
       0
       0
       0
       0
       0
       0
       0
       0
       0
       0
       0
       0
       0
       0
       0
       1
       0
       0
       0
       0
       0
       0
       0
       0
       0
       0
       0
       0
       0
       1
       0
       0
       0
       0
       0
       0
       0
       0
       0
       0
       0
       0
       0
       0
       0
       0
       0
       0
       0
       0
       0
       0
       0
       0
       0
       0
       0
       0
       0
       0
       0
       0
       0
       0
       0
       0
       0
       0
       0
       0
       0
       0
       0
       0
       0
       0
       0
       0
       0
       0
       0
       0
       0
       0
       0
       0
       0
       0
       0
       0
       0
       0
       0
       0
       0
       0
       0
       0
       0
       0
       0
       0
       0
       0
       0
$ROI:
0
$PRESETS:
Real Time
300
0
$ENER_FIT:
0.000000 0.000000
$MCA_CAL:
3
0.000000E+000 0.000000E+000 0.000000E+000 
$SHAPE_CAL:
3
0.000000E+000 0.000000E+000 0.000000E+000
