$SPEC_ID:
No sample description was entered.
$SPEC_REM:
DET# 13001
DETDESC# TL-101B-04 Easy-MCA-2k SN 11350422
AP# Maestro Version 7.01
$DATE_MEA:
03/07/2024 19:11:10
$MEAS_TIM:
299 300
$DATA:
0 2047
       0
       0
       0
       0
       0
       0
       0
       0
       0
       0
       0
       0
       0
       0
       0
       0
       0
       0
       0
      10
      50
      45
      38
      57
      59
      63
      51
      54
      43
      55
      51
      50
      46
      53
      63
      64
      64
      52
      56
      73
      63
      85
      86
      94
      75
      87
      95
      96
      93
     125
     114
     102
     128
     134
     139
     115
     118
     138
     129
     175
     174
     164
     152
     147
     138
     150
     159
     167
     164
     176
     162
     151
     167
     172
     159
     155
     149
     144
     145
     149
     154
     165
     178
     160
     153
     147
     168
     174
     144
     145
     171
     163
     160
     170
     155
     143
     149
     152
     146
     152
     135
     156
     138
     174
     136
     152
     133
     135
     174
     115
     111
     145
     146
     145
     134
     142
     162
     126
     122
     149
     132
     120
     118
     132
     140
     124
     139
     122
     118
     114
     108
     131
     120
     115
     122
     118
     115
     150
     118
     114
     120
     123
     103
     116
     113
     103
     118
      89
     104
      80
     114
      99
      92
     121
     101
      98
     108
     104
      85
      94
      92
     101
      93
     118
      88
      86
      94
      93
      83
     105
      96
      87
      93
      69
      84
      64
      61
      66
      84
      86
      64
      84
      85
      64
      84
      57
      72
      58
      62
      60
      43
      59
      66
      68
      62
      66
      50
      53
      57
      62
      63
      58
      58
      38
      65
      50
      48
      56
      56
      52
      39
      40
      61
      52
      46
      60
      53
      47
      51
      46
      46
      42
      41
      48
      39
      48
      47
      47
      38
      48
      50
      46
      37
      43
      41
      37
      27
      39
      43
      45
      32
      44
      46
      52
      57
      55
      41
      43
      55
      51
      54
      42
      49
      30
      46
      38
      49
      41
      41
      53
      31
      34
      41
      42
      40
      28
      46
      42
      40
      30
      39
      30
      31
      34
      30
      36
      41
      31
      41
      30
      34
      36
      32
      31
      32
      36
      30
      38
      32
      38
      33
      37
      38
      30
      41
      30
      28
      24
      27
      45
      32
      37
      28
      32
      27
      28
      24
      30
      32
      39
      37
      30
      26
      27
      36
      25
      39
      18
      27
      35
      28
      32
      25
      25
      27
      26
      34
      40
      27
      27
      38
      24
      30
      23
      30
      35
      20
      34
      27
      24
      22
      28
      24
      20
      27
      25
      16
      27
      21
      23
      17
      18
      24
      14
      30
      19
      28
      18
      25
      22
      18
      27
      18
      20
      17
      24
      18
      19
      24
      27
      22
      15
      27
      24
      26
      23
      20
      17
      20
      13
      19
      21
      18
      16
      15
      21
      21
      22
      15
      20
      19
      19
      11
      21
      25
      18
      16
      16
      21
      25
      14
      11
      16
      22
      15
      20
      19
      13
      14
      21
      23
      16
      15
      17
      16
      29
      20
      25
      16
      17
      20
      17
      16
      25
      24
      22
      26
      19
      25
      29
      28
      22
      21
      26
      29
      23
      35
      36
      32
      22
      32
      26
      47
      50
      39
      39
      56
      75
      63
      66
      59
      59
      66
      62
      78
      76
      88
      70
      75
      96
      80
      91
      99
      78
      73
      76
      69
      77
      86
      89
      77
      86
      73
      74
      86
      57
      76
      54
      55
      45
      46
      46
      41
      46
      30
      29
      29
      36
      25
      18
      35
      17
      16
      16
      13
       7
      14
      11
      15
       9
       7
       4
       9
       6
       4
       8
       7
       4
      11
       7
       7
       2
       5
       5
       5
       2
       4
       2
       4
       4
       6
       5
       6
       5
       4
       8
       5
       4
       3
       5
       7
       1
       3
       3
       6
       4
       4
       4
       4
       4
       8
       4
       4
       3
       2
       4
       5
       3
       2
       3
       2
       1
       2
       5
       1
       5
       3
       4
       3
       1
       6
       5
       4
       4
       4
       3
       1
       3
       6
       5
       4
       3
       2
       1
       5
       4
       3
       3
       3
       1
       3
       3
       4
       3
       4
       3
       2
       2
       4
       5
       3
       0
       5
       2
       4
       7
       3
       1
       3
       7
       4
       5
       2
       4
       1
       6
       5
       5
       4
       3
       2
       5
       3
       4
       1
       3
       2
       5
       3
       3
       4
       2
       6
       5
       3
       7
       2
       1
       4
       3
       0
       4
       1
       3
       6
       6
       4
       3
       4
       4
       3
       1
       6
       8
       7
       3
       6
       0
       7
       0
       2
       3
       7
       3
       1
       3
       2
       4
       4
       6
       4
       4
       1
       4
       1
       4
       6
       2
       4
       3
       4
       3
       3
       0
       0
       2
       1
       8
       5
       5
       1
       1
       3
       4
       3
       3
       2
       2
       3
       7
       4
       3
       4
       2
       5
       3
       6
       4
       5
       4
       4
       2
       3
       5
       4
       1
       2
       1
       2
       5
       1
       4
       5
       2
       5
       2
       6
       3
       0
       3
       2
       6
       0
       3
       2
       5
       3
       3
       4
       4
       2
       1
       3
       1
       4
       5
       1
       5
       5
       4
       1
       3
       5
       3
       3
       4
       4
       1
       1
       1
       4
       2
       3
       3
       2
       3
       3
       3
       2
       3
       4
       3
       4
       0
       2
       4
       2
       2
       4
       1
       2
       3
       3
       2
       0
       3
       5
       5
       4
       2
       3
       3
       5
       3
       3
       4
       2
       3
       3
       2
       5
       3
       1
       3
       3
       2
       2
       4
       6
       1
       5
       2
       0
       1
       3
       2
       2
       3
       3
       1
       2
       0
       0
       2
       2
       6
       1
       2
       2
       3
       3
       2
       4
       3
       1
       3
       3
       1
       4
       1
       3
       2
       3
       2
       0
       3
       2
       2
       1
       0
       4
       1
       3
       0
       1
       3
       0
       2
       5
       1
       4
       1
       2
       1
       3
       2
       2
       1
       5
       4
       1
       3
       2
       0
       2
       0
       1
       1
       1
       1
       4
       0
       0
       1
       0
       1
       1
       1
       1
       0
       0
       0
       1
       3
       0
       0
       0
       2
       1
       2
       0
       1
       1
       0
       0
       3
       1
       4
       3
       1
       1
       5
       0
       2
       1
       1
       1
       1
       3
       3
       2
       2
       1
       0
       2
       0
       1
       1
       1
       0
       3
       0
       2
       3
       1
       1
       2
       0
       0
       2
       0
       1
       1
       1
       0
       0
       2
       2
       1
       1
       2
       1
       0
       2
       3
       3
       0
       1
       1
       3
       1
       4
       2
       2
       2
       3
       3
       3
       0
       1
       1
       0
       4
       0
       1
       3
       3
       4
       4
       1
       2
       2
       1
       1
       5
       4
       2
       4
       2
       4
       2
       7
       1
       4
       3
       2
       2
       3
       3
       4
       3
       4
       5
       1
       4
       4
       2
       2
       4
       3
       3
       4
       5
       2
       3
       4
       6
       2
       4
       5
       3
       1
       4
       2
       2
       5
       2
       2
       3
       0
       1
       1
       4
       1
       2
       4
       3
       1
       1
       2
       5
       2
       2
       2
       0
       0
       2
       1
       1
       2
       1
       0
       1
       2
       1
       1
       0
       1
       0
       2
       0
       0
       1
       1
       1
       2
       1
       1
       0
       4
       3
       2
       1
       0
       0
       0
       0
       1
       0
       1
       2
       0
       0
       0
       0
       1
       1
       0
       0
       0
       1
       0
       0
       0
       0
       0
       0
       0
       1
       0
       0
       0
       0
       0
       0
       1
       0
       0
       0
       0
       0
       0
       0
       0
       0
       0
       0
       0
       0
       1
       0
       1
       0
       0
       0
       0
       0
       0
       0
       0
       0
       0
       1
       1
       0
       1
       0
       1
       0
       1
       0
       0
       0
       1
       0
       0
       1
       0
       1
       0
       0
       1
       0
       0
       0
       0
       0
       0
       1
       0
       0
       0
       1
       0
       0
       2
       0
       0
       0
       1
       0
       2
       2
       1
       0
       2
       1
       0
       0
       0
       0
       0
       1
       1
       0
       1
       0
       0
       2
       1
       0
       0
       1
       2
       0
       0
       0
       1
       1
       0
       1
       1
       1
       0
       0
       1
       0
       1
       0
       1
       1
       0
       0
       1
       0
       2
       0
       1
       0
       0
       0
       1
       1
       1
       0
       2
       0
       1
       0
       1
       2
       0
       0
       0
       0
       0
       0
       0
       0
       0
       1
       0
       2
       1
       1
       0
       0
       0
       0
       1
       0
       0
       1
       0
       0
       0
       0
       0
       0
       0
       0
       0
       2
       1
       0
       0
       1
       0
       1
       2
       1
       1
       0
       0
       0
       0
       1
       0
       0
       2
       0
       0
       0
       0
       0
       0
       0
       0
       0
       0
       0
       0
       0
       0
       0
       0
       0
       2
       0
       0
       0
       1
       0
       1
       1
       0
       0
       0
       0
       0
       0
       0
       0
       0
       1
       2
       0
       1
       1
       1
       0
       0
       0
       0
       0
       0
       0
       0
       1
       1
       0
       0
       1
       1
       0
       0
       1
       1
       0
       0
       0
       0
       2
       0
       0
       1
       1
       0
       0
       2
       0
       0
       0
       0
       0
       0
       0
       1
       1
       0
       0
       0
       0
       0
       2
       0
       0
       0
       0
       1
       0
       0
       0
       1
       0
       1
       1
       0
       0
       0
       0
       1
       1
       0
       0
       0
       0
       0
       0
       2
       0
       0
       0
       1
       0
       0
       0
       1
       0
       0
       1
       0
       0
       0
       0
       0
       0
       0
       0
       1
       0
       1
       0
       0
       0
       0
       1
       0
       0
       0
       0
       0
       1
       0
       0
       1
       0
       0
       0
       1
       0
       0
       0
       0
       0
       0
       2
       1
       1
       1
       1
       1
       0
       0
       0
       2
       1
       0
       0
       2
       1
       0
       0
       1
       0
       0
       0
       1
       0
       2
       0
       0
       0
       1
       0
       0
       0
       1
       1
       0
       1
       0
       0
       0
       0
       0
       0
       0
       1
       0
       0
       1
       1
       1
       0
       0
       0
       1
       0
       0
       1
       0
       0
       0
       2
       2
       0
       1
       0
       0
       0
       0
       0
       1
       0
       0
       1
       0
       0
       0
       0
       1
       1
       0
       0
       0
       1
       0
       0
       1
       0
       0
       1
       0
       0
       0
       1
       0
       0
       0
       1
       0
       0
       0
       0
       1
       0
       1
       1
       1
       0
       0
       0
       0
       0
       0
       0
       0
       0
       0
       0
       0
       0
       1
       0
       0
       0
       0
       0
       0
       1
       0
       2
       0
       1
       0
       0
       0
       1
       0
       0
       0
       0
       0
       0
       0
       0
       0
       0
       0
       0
       0
       0
       0
       0
       0
       0
       0
       0
       0
       1
       0
       0
       0
       1
       0
       0
       0
       0
       0
       1
       0
       0
       0
       0
       0
       0
       0
       0
       0
       0
       0
       0
       0
       0
       0
       1
       1
       0
       0
       0
       0
       0
       0
       0
       0
       0
       0
       0
       1
       0
       0
       1
       0
       0
       0
       1
       0
       0
       0
       1
       1
       0
       0
       0
       0
       0
       0
       0
       0
       0
       0
       1
       0
       1
       0
       0
       0
       0
       0
       0
       0
       0
       0
       0
       1
       0
       0
       0
       0
       0
       0
       0
       0
       0
       0
       0
       0
       0
       0
       0
       0
       0
       1
       0
       1
       0
       0
       0
       0
       0
       1
       0
       0
       0
       0
       0
       0
       0
       0
       0
       0
       0
       0
       0
       0
       1
       1
       0
       0
       0
       0
       0
       0
       0
       0
       0
       0
       0
       0
       0
       0
       0
       0
       0
       1
       0
       1
       0
       1
       0
       1
       0
       0
       0
       0
       0
       0
       0
       1
       0
       0
       0
       1
       0
       1
       0
       0
       0
       0
       1
       0
       0
       0
       0
       0
       0
       0
       0
       0
       0
       0
       0
       0
       0
       0
       1
       0
       0
       0
       1
       0
       1
       1
       0
       1
       0
       1
       0
       0
       1
       0
       0
       0
       0
       1
       0
       0
       0
       0
       0
       0
       1
       0
       0
       0
       0
       0
       0
       1
       1
       0
       0
       0
       0
       1
       0
       1
       0
       0
       0
       0
       0
       0
       0
       0
       0
       0
       2
       0
       0
       0
       0
       0
       0
       0
       0
       0
       2
       0
       0
       0
       0
       0
       0
       0
       0
       0
       0
       0
       0
       0
       0
       0
       0
       0
       0
       0
       1
       0
       0
       0
       0
       0
       0
       0
       0
       0
       0
       0
       0
       0
       0
       0
       0
       0
       0
       0
       0
       0
       0
       0
       0
       1
       0
       0
       0
       0
       0
       0
       0
       0
       0
       0
       0
       0
       0
       0
       1
       0
       0
       0
       0
       0
       0
       0
       0
       0
       0
       0
       0
       0
       0
       0
       0
       0
       1
       0
       0
       0
       0
       0
       0
       0
       0
       0
       0
       0
       0
       0
       0
       0
       0
       0
       0
       0
       0
       0
       0
       0
       0
       0
       0
       0
       0
       0
       0
       0
       1
       0
       0
       0
       0
       0
       0
       0
       0
       0
       0
       1
       0
       0
       0
       0
       0
       0
       0
       0
       0
       0
       0
       0
       0
       0
       0
       0
       0
       0
       0
       0
       0
       0
       0
       0
       0
       0
       0
       0
       0
       0
       0
       0
       0
       0
       0
       0
       0
       0
       0
       0
       0
       0
       0
       0
       0
       0
       0
       0
       0
       0
       0
       0
       0
       0
       0
       0
       0
       0
       0
       0
       0
       0
       0
       0
       0
       0
       0
       0
       0
       0
       0
       0
       0
       0
       0
       0
       0
       0
       0
       0
       0
       0
       0
       0
       0
       0
       0
       0
       0
       0
       0
       0
       0
       0
       0
       0
       0
       0
       0
       0
       0
       0
       0
       0
       0
       0
       0
       0
$ROI:
0
$PRESETS:
Real Time
300
0
$ENER_FIT:
0.000000 0.000000
$MCA_CAL:
3
0.000000E+000 0.000000E+000 0.000000E+000 
$SHAPE_CAL:
3
0.000000E+000 0.000000E+000 0.000000E+000
