$SPEC_ID:
No sample description was entered.
$SPEC_REM:
DET# 13001
DETDESC# TL-101B-04 Easy-MCA-2k SN 11350422
AP# Maestro Version 7.01
$DATE_MEA:
03/07/2024 19:33:38
$MEAS_TIM:
299 300
$DATA:
0 2047
       0
       0
       0
       0
       0
       0
       0
       0
       0
       0
       0
       0
       0
       0
       0
       0
       0
       0
       0
      13
      28
      34
      48
      36
      33
      45
      46
      39
      49
      36
      45
      41
      43
      38
      52
      45
      49
      47
      47
      62
      59
      56
      56
      78
      75
      84
      86
      70
      90
      76
      86
     107
     111
     130
     109
     114
     118
     117
     140
     137
     153
     126
     131
     150
     133
     127
     133
     122
     124
     130
     127
     131
     118
     130
     145
     141
     136
     153
     131
     139
     149
     143
     141
     152
     161
     161
     153
     145
     137
     158
     151
     119
     140
     133
     163
     142
     143
     113
     125
     157
     133
     145
     125
     141
     123
     136
     118
     110
     134
     127
     121
      99
     142
     106
     107
     119
     129
     125
      95
     121
     108
     100
      98
     111
     128
     103
     112
     128
     100
     104
      92
     110
     103
     116
     112
      91
      91
     102
     103
      90
      85
     103
     105
      83
      92
      89
      93
      70
      75
      95
      85
      90
      91
      89
      84
      89
      86
      97
      95
      94
      69
      83
      70
      83
      75
      76
      82
      92
      63
      70
      72
      78
      74
      61
      66
      57
      59
      62
      51
      42
      47
      44
      56
      55
      47
      44
      50
      55
      44
      44
      49
      49
      53
      46
      48
      37
      51
      50
      43
      25
      36
      38
      48
      37
      42
      36
      41
      48
      48
      23
      37
      34
      38
      39
      33
      32
      26
      24
      35
      24
      32
      32
      28
      35
      31
      34
      29
      32
      26
      22
      34
      23
      35
      35
      34
      16
      22
      29
      29
      34
      29
      36
      26
      33
      17
      33
      28
      19
      28
      29
      28
      21
      34
      23
      24
      30
      27
      33
      18
      16
      24
      30
      27
      27
      16
      16
      14
      24
      15
      12
      21
      29
      15
      14
      10
      22
      21
      11
      32
      22
      14
      13
      22
      18
      19
      14
      11
      13
      20
      13
      14
      22
      12
      12
      17
      19
      14
      19
      21
      20
      19
      19
       8
      14
      14
      18
      13
      17
      19
      22
      19
      11
      12
      12
      10
      11
      15
      16
      15
      17
       5
      13
      19
      18
      17
      13
       8
       8
       9
      16
       8
      10
      17
      11
      13
      16
      14
      11
      16
       7
      13
       3
      17
      10
      10
      13
      15
      17
      19
      14
      14
      10
      20
       8
      14
      16
      19
      12
      15
      14
      10
      16
       8
       6
      13
      11
       9
       8
      11
       6
      11
       9
      13
      10
      11
      11
       9
       8
      13
       9
       9
      14
      12
       9
      11
      11
       6
      11
       9
       6
      10
      11
      12
      11
      13
       7
       7
       6
      11
       5
      12
       8
       7
       7
      10
       5
      11
       9
      12
       6
       9
      11
      12
       8
       8
      11
      12
      15
      12
       9
      12
      19
      14
      12
      11
      11
      17
       6
      13
      16
      12
      14
      10
      10
      13
       6
      12
      12
       8
      12
      12
      15
      20
      12
       7
      11
       8
       8
       9
       9
      11
      11
      20
      17
      13
      18
      11
      13
      13
      16
      19
      12
      16
      15
      15
      16
       8
      11
      15
      14
       8
      14
      10
      12
       7
      13
      12
      13
      16
       6
       9
      10
       6
       6
       9
      14
      10
       5
       8
       5
       5
      11
       8
       9
       7
       7
       5
       7
       5
       4
       2
      10
       4
       8
       4
       7
       2
       4
       1
       6
       6
       4
       5
       7
       3
       5
       6
       8
       4
       1
       2
       2
       1
       4
      10
       8
       7
       5
       4
       8
       5
       2
       4
       3
       4
       4
       5
       4
       2
       4
       4
       3
       5
       2
       4
       6
       2
       7
       5
       4
       4
       2
       4
       5
       8
       4
       3
       2
       4
       6
       0
       1
       2
       4
       6
       5
       2
       1
       2
       3
       8
       3
       5
       4
       7
       5
       2
       2
       5
       2
       3
       2
       4
       5
       3
       4
       3
       3
       3
       4
       7
       7
       3
       3
       5
       5
       4
       5
       3
       2
       1
       1
       3
       3
       7
       1
       4
       2
       4
       4
       0
       5
       6
       7
       4
       1
       3
       2
       6
       4
       4
       3
       4
       4
       4
       2
       3
       3
       4
       4
       2
       2
       4
       3
       7
       6
       5
       1
       5
       3
       7
       3
       3
       6
       6
       2
       2
       2
       4
       2
       4
       3
       4
       4
       1
       0
       1
       1
       3
       5
       4
       3
       2
       5
       7
       5
       5
       3
       2
       4
       5
       2
       1
       5
       1
       5
       2
       1
       2
       4
       4
       4
       2
       2
       4
       1
       5
       7
       5
       2
       4
       7
       5
       1
       1
       3
       6
       4
       3
       2
       0
       5
       0
       1
       2
       2
       3
       4
       1
       7
       2
       3
       4
       3
       3
       3
       7
       3
       4
       0
       2
       3
       4
       2
       7
       2
       3
       3
       5
       2
       2
       3
       3
       5
       5
       3
       5
       3
       3
       1
       2
       4
       2
       1
       2
       4
       4
       2
       0
       1
       2
       4
       2
       2
       4
       1
       5
       1
       6
       1
       3
       1
       3
       1
       3
       4
       3
       2
       0
       4
       4
       1
       2
       1
       5
       2
       2
       2
       3
       4
       0
       0
       2
       4
       3
       2
       0
       4
       2
       0
       2
       5
       2
       2
       6
       2
       1
       4
       3
       3
       1
       1
       1
       5
       2
       0
       2
       3
       0
       2
       2
       5
       4
       1
       1
       5
       1
       4
       1
       3
       0
       2
       0
       2
       2
       2
       2
       2
       2
       1
       3
       1
       0
       3
       3
       2
       2
       4
       1
       0
       1
       2
       2
       0
       4
       4
       3
       1
       0
       0
       2
       0
       2
       1
       1
       2
       3
       3
       1
       3
       3
       2
       0
       0
       2
       5
       1
       2
       0
       3
       4
       2
       2
       1
       1
       2
       3
       1
       1
       1
       1
       1
       2
       2
       2
       3
       0
       2
       2
       4
       2
       4
       2
       3
       1
       2
       0
       2
       1
       3
       2
       1
       2
       0
       1
       1
       1
       2
       1
       0
       1
       0
       1
       1
       2
       3
       2
       1
       2
       1
       3
       3
       1
       0
       4
       0
       2
       1
       1
       0
       1
       1
       0
       2
       1
       1
       0
       1
       3
       2
       4
       2
       0
       1
       3
       1
       1
       3
       4
       1
       0
       2
       2
       3
       1
       2
       1
       3
       0
       3
       5
       2
       2
       0
       0
       2
       2
       4
       2
       2
       1
       2
       2
       3
       2
       1
       7
       4
       3
       1
       2
       1
       5
       1
       4
       5
       5
       3
       1
       4
       3
       3
       1
       7
       5
       4
       2
       5
       3
       6
       2
       4
       3
       3
       6
       6
       1
       3
       5
       4
       1
       2
       3
       2
       4
       4
       3
       3
       3
       4
       1
       4
       3
       1
       1
       3
       4
       2
       1
       4
       0
       2
       0
       1
       0
       0
       2
       2
       2
       1
       4
       1
       1
       1
       0
       4
       1
       1
       0
       0
       1
       2
       0
       1
       0
       2
       0
       1
       1
       1
       0
       0
       1
       1
       1
       0
       0
       1
       1
       0
       0
       2
       0
       0
       0
       1
       0
       0
       1
       0
       1
       0
       1
       2
       0
       0
       0
       1
       0
       0
       2
       0
       0
       1
       0
       0
       0
       3
       1
       0
       0
       2
       0
       1
       1
       1
       1
       3
       0
       1
       0
       1
       3
       1
       0
       3
       0
       0
       0
       1
       0
       0
       0
       1
       0
       0
       1
       0
       0
       0
       1
       1
       0
       0
       0
       0
       0
       0
       0
       0
       0
       1
       1
       0
       0
       0
       0
       0
       1
       0
       0
       1
       1
       2
       0
       0
       1
       0
       0
       3
       3
       1
       0
       1
       0
       0
       1
       0
       1
       0
       1
       0
       1
       1
       1
       0
       2
       0
       1
       0
       0
       0
       0
       2
       1
       1
       0
       0
       0
       0
       1
       0
       0
       1
       0
       0
       0
       1
       0
       1
       0
       0
       1
       0
       2
       0
       1
       2
       2
       0
       0
       0
       2
       0
       0
       0
       0
       1
       1
       0
       1
       2
       1
       0
       0
       1
       0
       0
       1
       0
       0
       1
       2
       0
       1
       2
       0
       0
       1
       0
       0
       0
       2
       0
       0
       1
       0
       1
       0
       1
       0
       0
       0
       0
       2
       0
       1
       0
       3
       0
       0
       0
       0
       1
       1
       0
       0
       0
       0
       0
       0
       2
       1
       1
       0
       0
       0
       0
       0
       1
       0
       0
       1
       0
       0
       0
       0
       0
       1
       0
       0
       0
       0
       1
       0
       1
       0
       0
       1
       1
       0
       0
       0
       2
       0
       1
       0
       0
       0
       0
       0
       1
       0
       1
       1
       0
       0
       0
       0
       0
       0
       0
       1
       1
       1
       0
       1
       0
       0
       0
       1
       0
       0
       1
       0
       0
       0
       0
       0
       0
       0
       1
       0
       0
       0
       0
       1
       1
       0
       1
       0
       0
       0
       0
       1
       1
       0
       0
       0
       1
       0
       0
       0
       0
       0
       0
       0
       0
       0
       0
       1
       0
       0
       1
       1
       1
       1
       0
       2
       1
       0
       0
       0
       0
       0
       0
       0
       0
       0
       0
       0
       0
       0
       0
       1
       0
       1
       0
       1
       0
       0
       0
       0
       0
       2
       0
       0
       0
       0
       1
       0
       0
       0
       0
       0
       0
       1
       1
       0
       1
       0
       2
       0
       1
       2
       0
       1
       0
       0
       0
       0
       0
       1
       0
       0
       0
       0
       0
       1
       1
       0
       0
       1
       0
       0
       1
       0
       0
       2
       2
       1
       0
       0
       1
       0
       0
       0
       0
       1
       1
       1
       0
       1
       1
       0
       0
       0
       0
       0
       0
       1
       0
       1
       0
       0
       1
       0
       1
       0
       0
       0
       1
       1
       1
       1
       0
       0
       1
       0
       0
       0
       0
       0
       0
       0
       0
       1
       1
       0
       0
       0
       0
       0
       0
       1
       0
       0
       1
       0
       0
       0
       1
       0
       0
       0
       0
       0
       0
       0
       0
       0
       0
       0
       0
       1
       0
       0
       0
       1
       0
       0
       0
       0
       1
       0
       0
       0
       0
       0
       0
       0
       0
       0
       0
       0
       0
       1
       0
       0
       0
       0
       0
       0
       1
       0
       0
       0
       0
       0
       1
       0
       0
       0
       0
       0
       0
       0
       0
       0
       0
       0
       1
       1
       0
       0
       0
       0
       0
       2
       0
       1
       1
       0
       0
       0
       0
       0
       0
       0
       1
       0
       1
       0
       0
       0
       0
       1
       0
       0
       0
       0
       0
       1
       0
       0
       2
       0
       0
       0
       0
       0
       0
       0
       0
       0
       0
       0
       0
       0
       0
       0
       0
       0
       0
       0
       0
       0
       1
       0
       0
       0
       0
       0
       0
       2
       0
       0
       0
       0
       0
       0
       0
       1
       0
       0
       0
       0
       0
       0
       0
       0
       0
       0
       0
       1
       0
       0
       0
       0
       0
       0
       0
       0
       0
       0
       0
       0
       0
       0
       1
       0
       0
       0
       0
       0
       0
       0
       0
       0
       0
       0
       1
       0
       0
       0
       0
       0
       0
       0
       0
       0
       0
       0
       1
       0
       0
       0
       0
       1
       0
       0
       0
       0
       0
       0
       0
       0
       0
       0
       0
       0
       0
       0
       0
       0
       0
       0
       0
       0
       0
       0
       0
       2
       0
       0
       1
       0
       0
       0
       0
       1
       1
       2
       0
       0
       1
       0
       0
       0
       0
       0
       1
       0
       0
       0
       0
       0
       0
       0
       1
       2
       0
       0
       0
       1
       0
       1
       1
       0
       1
       0
       0
       0
       1
       1
       0
       0
       0
       0
       1
       0
       0
       0
       1
       0
       0
       0
       2
       1
       0
       0
       0
       0
       0
       0
       0
       0
       1
       2
       0
       0
       0
       0
       1
       1
       0
       0
       0
       0
       0
       1
       0
       0
       0
       0
       0
       1
       0
       0
       0
       0
       0
       0
       1
       0
       0
       0
       0
       0
       0
       0
       0
       0
       0
       0
       0
       0
       1
       0
       0
       0
       0
       0
       0
       0
       0
       0
       0
       0
       0
       0
       1
       0
       0
       0
       0
       0
       0
       0
       0
       0
       0
       0
       0
       0
       1
       0
       0
       0
       0
       0
       0
       0
       0
       0
       0
       0
       0
       0
       0
       0
       0
       0
       0
       0
       0
       0
       0
       0
       0
       0
       0
       0
       0
       0
       0
       0
       0
       0
       0
       0
       0
       0
       0
       0
       0
       0
       0
       0
       0
       0
       0
       0
       0
       1
       0
       0
       0
       0
       0
       0
       0
       0
       0
       0
       0
       0
       0
       0
       0
       0
       0
       0
       0
       0
       0
       0
       0
       0
       0
       0
       0
       0
       0
       0
       0
       0
       0
       0
       0
       1
       0
       0
       0
       0
       0
       0
       0
       0
       0
       0
       0
       0
       0
       0
       0
       0
       0
       0
       0
       0
       0
       0
       0
       0
       0
       0
       0
       0
       0
       0
       0
       0
       0
       0
       0
       0
       1
       0
       0
       0
       0
       0
       0
       0
       0
       0
       0
       0
       0
       0
       0
       0
       0
       0
       0
       0
       0
       0
       0
       0
       0
       0
       0
       0
       0
       0
       0
       1
       0
       0
       0
       0
       0
       0
       0
       0
       0
       0
       0
       0
       0
       0
       0
       0
       0
       0
       0
       0
       0
       0
       0
       0
       0
       0
       0
       0
       0
       0
       0
       0
       0
       0
       0
       0
       0
       0
       0
$ROI:
0
$PRESETS:
Real Time
300
0
$ENER_FIT:
0.000000 0.000000
$MCA_CAL:
3
0.000000E+000 0.000000E+000 0.000000E+000 
$SHAPE_CAL:
3
0.000000E+000 0.000000E+000 0.000000E+000
