$SPEC_ID:
No sample description was entered.
$SPEC_REM:
DET# 13001
DETDESC# TL-101B-04 Easy-MCA-2k SN 11350422
AP# Maestro Version 7.01
$DATE_MEA:
03/07/2024 19:17:21
$MEAS_TIM:
299 300
$DATA:
0 2047
       0
       0
       0
       0
       0
       0
       0
       0
       0
       0
       0
       0
       0
       0
       0
       0
       0
       0
       0
      12
      55
      51
      40
      51
      43
      51
      47
      53
      48
      68
      44
      51
      51
      56
      51
      50
      63
      48
      72
      72
      82
      76
      73
      72
      72
      84
      95
      71
     126
     104
     105
     125
     128
     122
     112
     129
     133
     127
     139
     142
     167
     147
     154
     147
     168
     137
     139
     154
     138
     156
     150
     140
     137
     148
     163
     133
     147
     163
     140
     151
     141
     151
     162
     160
     164
     163
     165
     148
     161
     157
     154
     149
     194
     167
     144
     151
     129
     141
     168
     148
     143
     144
     123
     135
     158
     123
     125
     142
     117
     136
     121
     105
     144
     137
     125
     135
     127
     109
     121
     127
     131
     123
     117
      99
      87
     122
     132
     121
     102
     105
     134
      86
      97
     119
     105
     101
     112
     101
     110
      98
     115
      93
     109
      98
     106
     106
     102
      87
     108
      92
     101
      91
     104
     102
     107
      88
     103
      77
     102
      96
     104
      90
      98
     102
      92
      81
      89
      76
      94
     104
      71
      75
      82
      65
      72
      66
      65
      76
      70
      53
      58
      54
      56
      60
      65
      41
      65
      62
      58
      47
      56
      48
      43
      45
      61
      48
      41
      42
      44
      35
      59
      43
      53
      48
      49
      27
      45
      54
      40
      44
      30
      42
      36
      45
      37
      40
      44
      45
      45
      55
      38
      43
      48
      27
      34
      43
      32
      43
      34
      36
      31
      41
      54
      38
      33
      28
      40
      36
      30
      36
      35
      30
      34
      41
      32
      35
      32
      34
      36
      27
      33
      24
      27
      31
      30
      35
      35
      19
      38
      23
      23
      32
      28
      26
      29
      28
      27
      35
      23
      28
      22
      31
      28
      27
      19
      24
      20
      23
      22
      16
      32
      27
      26
      22
      19
      34
      22
      25
      18
      23
      23
      33
      23
      23
      32
      23
      23
      23
      32
      27
      17
      18
      23
      19
      26
      27
      17
      16
      24
      16
      25
      18
      31
      32
      21
      17
      23
      22
      33
      21
      29
      18
      18
      17
      18
      19
      10
      15
      26
      21
      14
      21
      22
      24
      16
      21
      16
      17
      16
      15
      16
      14
      17
      15
      16
      15
      27
      16
      16
      20
      16
      21
      22
      15
      16
      18
      20
      15
      18
      14
      19
      23
      15
      21
      16
      16
      11
       9
      14
      16
      21
      14
      11
      18
      13
      17
      14
      16
      18
      16
      17
      15
      13
      15
      10
      16
      19
      15
      12
      13
      18
      16
      11
      13
      12
      14
      13
      22
      13
      19
      17
      10
      14
      13
      10
      11
      12
      13
      19
      14
      17
      19
      17
      20
      20
      16
      19
      13
      15
      16
      19
      22
      23
      10
      15
      28
      11
      20
      15
      23
      19
      19
      23
      22
      17
      18
      18
      28
      26
      26
      22
      21
      16
      20
      26
      28
      35
      28
      32
      37
      34
      29
      41
      27
      36
      35
      43
      41
      43
      42
      38
      53
      55
      49
      41
      37
      36
      48
      42
      33
      40
      44
      41
      34
      39
      29
      20
      18
      25
      28
      20
      19
      31
      18
      26
      22
      23
      10
      13
       3
      15
      12
      10
      12
      19
       9
       5
       3
       4
       6
       8
       4
       7
       7
       5
       7
       6
       8
      10
       4
       4
       2
       9
       2
       5
       6
       6
       6
       4
       6
       5
       2
       5
       6
       2
       4
       1
       4
       5
       8
       5
       3
       4
       5
       4
       2
       4
       7
       5
       4
       3
       4
       3
       3
       5
       5
       6
       5
       5
       5
       7
       3
       4
       3
       7
       3
       4
       6
       5
       1
       7
       5
       1
       4
       6
       5
       4
       4
       4
       3
       2
       4
       0
       3
       2
       6
       3
       3
       6
       2
       3
       6
       3
       5
       5
       2
       3
       4
       0
       5
       4
       3
       5
       4
       6
       2
       0
       5
       3
       4
       2
       2
       4
       6
       3
       3
       2
       6
       6
       3
       8
       4
       3
       4
       3
       3
       1
       2
       1
       5
       6
       1
       8
       1
       4
       8
       6
       2
       4
       4
       4
       4
       6
       3
       4
       4
       1
       2
       3
       6
       4
       3
       2
       5
       3
       4
       4
       6
       2
       0
       6
       1
       1
       5
       6
       2
       2
       4
       7
       4
       5
       4
       2
       3
       1
       6
       3
       4
       3
       0
       3
       5
       6
       3
       2
       2
       5
       4
       4
       1
       7
       3
       5
       2
       4
       1
       3
       4
       2
       1
       7
       5
       2
       5
       3
       3
       4
       2
       3
       2
       3
       2
       5
       2
       5
       1
       3
       2
       2
       1
       1
       2
       1
       3
       2
       5
       1
       1
       0
       2
       3
       1
       4
       3
       4
       4
       0
       2
       3
       5
       3
       3
       1
       5
       3
       4
       2
       1
       2
       4
       3
       2
       6
       0
       4
       2
       3
       3
       4
       2
       3
       5
       1
       3
       4
       0
       1
       3
       5
       0
       2
       2
       2
       2
       2
       0
       4
       0
       5
       2
       4
       3
       1
       6
       1
       2
       4
       1
       3
       1
       2
       3
       1
       1
       3
       3
       3
       2
       3
       0
       4
       6
       1
       2
       2
       2
       4
       1
       1
       1
       3
       4
       1
       6
       2
       3
       1
       3
       2
       2
       1
       4
       2
       5
       3
       1
       1
       1
       1
       4
       0
       2
       0
       1
       2
       1
       2
       4
       4
       4
       1
       2
       3
       4
       4
       1
       1
       2
       0
       3
       3
       3
       3
       2
       3
       1
       3
       3
       6
       2
       1
       3
       2
       2
       0
       2
       1
       1
       3
       2
       2
       1
       3
       0
       4
       3
       3
       2
       0
       2
       0
       0
       1
       1
       2
       0
       0
       0
       2
       1
       3
       0
       3
       0
       1
       5
       0
       0
       1
       2
       2
       1
       1
       3
       1
       1
       1
       2
       3
       3
       1
       0
       4
       1
       1
       2
       2
       0
       2
       0
       3
       2
       1
       1
       3
       1
       0
       1
       1
       0
       1
       0
       0
       1
       1
       3
       1
       2
       2
       1
       2
       0
       1
       3
       0
       2
       1
       3
       1
       1
       1
       1
       2
       4
       2
       0
       3
       0
       3
       1
       0
       2
       4
       0
       3
       3
       3
       1
       2
       3
       1
       1
       1
       2
       2
       1
       4
       5
       2
       2
       2
       2
       2
       3
       4
       4
       6
       1
       4
       0
       5
       3
       3
       5
       3
       6
       1
       4
       1
       1
       6
       3
       3
       3
       8
       2
       5
       4
       2
       3
       4
       2
       2
       2
       4
       2
       2
       1
       2
       2
       0
       2
       3
       0
       7
       2
       3
       3
       3
       1
       1
       3
       5
       1
       1
       2
       5
       3
       2
       4
       2
       2
       3
       2
       1
       2
       2
       1
       0
       1
       1
       3
       1
       1
       1
       1
       1
       1
       0
       0
       2
       1
       0
       0
       1
       0
       0
       2
       3
       2
       1
       0
       1
       1
       1
       0
       1
       1
       0
       1
       2
       0
       1
       1
       1
       1
       0
       0
       1
       1
       0
       0
       1
       1
       2
       0
       1
       0
       1
       0
       0
       0
       0
       1
       0
       1
       0
       0
       0
       1
       0
       1
       0
       1
       0
       0
       0
       0
       1
       0
       0
       0
       1
       0
       1
       0
       0
       0
       0
       0
       0
       0
       1
       0
       1
       0
       0
       0
       1
       0
       0
       2
       1
       1
       2
       0
       0
       0
       1
       1
       0
       1
       0
       0
       0
       0
       0
       2
       1
       0
       0
       1
       1
       2
       0
       0
       0
       1
       0
       0
       0
       1
       0
       1
       0
       1
       0
       0
       0
       0
       0
       0
       1
       1
       0
       0
       0
       0
       1
       0
       0
       0
       0
       1
       1
       1
       0
       1
       0
       0
       0
       0
       1
       0
       0
       0
       0
       0
       0
       0
       0
       0
       1
       0
       1
       0
       1
       0
       1
       0
       0
       0
       1
       0
       0
       2
       0
       1
       2
       0
       0
       0
       0
       1
       0
       1
       0
       0
       0
       0
       1
       1
       0
       1
       0
       1
       0
       2
       0
       0
       0
       1
       0
       0
       0
       2
       2
       1
       1
       0
       2
       0
       0
       0
       0
       0
       1
       0
       1
       1
       0
       0
       0
       0
       1
       1
       0
       0
       0
       0
       0
       0
       0
       0
       1
       0
       1
       0
       1
       0
       1
       0
       0
       0
       0
       1
       1
       0
       0
       1
       0
       0
       0
       1
       0
       1
       0
       0
       0
       0
       1
       0
       1
       1
       0
       1
       0
       0
       0
       0
       2
       0
       0
       0
       0
       0
       0
       0
       0
       0
       0
       0
       1
       2
       1
       0
       0
       0
       0
       0
       0
       0
       0
       2
       0
       0
       1
       0
       0
       0
       0
       0
       0
       0
       1
       0
       0
       0
       1
       0
       0
       0
       0
       0
       0
       0
       0
       0
       0
       0
       0
       0
       0
       0
       0
       0
       0
       0
       0
       0
       0
       2
       0
       0
       0
       0
       0
       0
       0
       0
       0
       1
       2
       1
       0
       0
       0
       0
       0
       0
       0
       0
       0
       1
       0
       0
       0
       0
       0
       0
       0
       1
       0
       1
       0
       0
       0
       0
       0
       1
       0
       0
       0
       1
       0
       0
       1
       0
       0
       0
       0
       0
       0
       0
       0
       0
       1
       0
       0
       0
       0
       0
       1
       1
       0
       0
       0
       0
       0
       0
       0
       0
       3
       0
       0
       0
       0
       0
       1
       1
       2
       0
       0
       0
       1
       0
       0
       3
       0
       0
       0
       1
       0
       1
       0
       1
       0
       0
       0
       1
       0
       0
       0
       0
       0
       1
       0
       0
       0
       2
       0
       1
       0
       0
       1
       0
       1
       0
       0
       0
       0
       0
       0
       0
       0
       0
       0
       0
       1
       0
       1
       1
       0
       0
       0
       0
       0
       1
       0
       0
       1
       0
       0
       0
       1
       0
       0
       0
       0
       0
       1
       0
       1
       0
       0
       0
       0
       1
       0
       0
       0
       0
       0
       0
       1
       1
       0
       0
       0
       1
       0
       0
       0
       0
       0
       0
       0
       0
       0
       0
       1
       0
       0
       1
       0
       1
       0
       0
       0
       0
       1
       0
       0
       0
       1
       1
       0
       0
       0
       0
       0
       0
       0
       0
       0
       2
       0
       0
       1
       0
       0
       0
       0
       0
       1
       1
       1
       0
       0
       0
       0
       0
       0
       0
       0
       0
       0
       0
       1
       0
       0
       0
       0
       1
       0
       0
       0
       0
       0
       0
       0
       0
       0
       0
       0
       0
       0
       0
       0
       0
       0
       1
       0
       0
       0
       0
       0
       0
       0
       0
       0
       0
       0
       0
       0
       0
       0
       0
       0
       0
       0
       0
       0
       2
       0
       0
       0
       0
       0
       0
       0
       0
       0
       0
       0
       0
       2
       0
       0
       0
       1
       0
       0
       0
       0
       1
       0
       0
       1
       0
       0
       0
       0
       0
       0
       1
       1
       0
       1
       0
       1
       0
       0
       0
       0
       0
       0
       0
       0
       0
       0
       1
       0
       0
       0
       0
       0
       1
       0
       0
       0
       0
       0
       0
       0
       1
       0
       0
       0
       0
       0
       0
       0
       0
       0
       0
       1
       0
       0
       0
       0
       0
       0
       0
       0
       1
       1
       1
       0
       0
       1
       0
       0
       0
       1
       0
       0
       0
       1
       3
       0
       0
       0
       1
       1
       1
       0
       1
       0
       0
       0
       0
       2
       1
       0
       0
       1
       2
       1
       0
       1
       0
       3
       0
       0
       1
       1
       1
       0
       0
       1
       0
       0
       1
       0
       1
       0
       0
       0
       0
       0
       0
       0
       0
       0
       0
       1
       1
       1
       0
       0
       0
       0
       2
       0
       0
       0
       0
       0
       0
       0
       0
       0
       1
       0
       0
       0
       0
       0
       0
       0
       0
       0
       0
       0
       0
       0
       0
       0
       0
       0
       0
       0
       0
       0
       0
       0
       0
       0
       0
       0
       0
       0
       0
       0
       0
       0
       0
       0
       0
       0
       0
       0
       0
       0
       0
       0
       0
       0
       0
       0
       0
       0
       0
       0
       0
       0
       0
       0
       0
       0
       0
       0
       0
       0
       0
       0
       0
       0
       0
       0
       0
       0
       0
       0
       0
       0
       0
       0
       0
       0
       1
       0
       0
       0
       0
       0
       0
       0
       0
       0
       0
       0
       0
       0
       0
       0
       0
       0
       0
       0
       0
       0
       0
       0
       0
       0
       0
       0
       0
       0
       0
       0
       0
       0
       0
       1
       0
       0
       0
       0
       0
       0
       0
       0
       0
       0
       0
       0
       0
       0
       0
       0
       0
       0
       0
       0
       0
       0
       0
       0
       0
       0
       0
       0
       0
       0
       0
       0
       0
       0
       0
       0
       0
       0
       0
       0
       0
       0
       0
       0
       0
       0
       0
       0
       0
       0
       0
       0
       0
       0
       0
       0
       0
       0
       0
       0
       0
       0
       0
       0
       0
       0
       0
       0
       0
       0
       0
       0
       0
       0
       0
       0
       0
       0
       0
       0
       0
       0
       0
       0
       0
       0
       0
       0
       0
       0
       0
       0
       0
       0
       0
       0
       1
       0
       0
       0
       0
       0
       0
       0
       0
       0
       0
       0
       0
       0
       0
       0
       0
       0
       0
       0
       0
       0
       0
       0
       0
       0
       0
       0
       0
       0
       0
       0
       0
       0
       0
$ROI:
0
$PRESETS:
Real Time
300
0
$ENER_FIT:
0.000000 0.000000
$MCA_CAL:
3
0.000000E+000 0.000000E+000 0.000000E+000 
$SHAPE_CAL:
3
0.000000E+000 0.000000E+000 0.000000E+000
