$SPEC_ID:
No sample description was entered.
$SPEC_REM:
DET# 13001
DETDESC# TL-101B-04 Easy-MCA-2k SN 11350422
AP# Maestro Version 7.01
$DATE_MEA:
03/07/2024 19:05:51
$MEAS_TIM:
298 300
$DATA:
0 2047
       0
       0
       0
       0
       0
       0
       0
       0
       0
       0
       0
       0
       0
       0
       0
       0
       0
       0
       0
      24
      59
      68
      48
      61
      67
      62
      73
      66
      61
      59
      72
      75
      67
      78
      61
      75
      87
      73
      79
      94
      81
      99
     113
      98
     115
     127
      98
     105
     111
     127
     125
     126
     150
     154
     162
     168
     156
     194
     178
     184
     184
     182
     164
     157
     167
     185
     179
     200
     182
     175
     170
     184
     163
     182
     176
     165
     160
     175
     192
     151
     186
     175
     164
     180
     166
     148
     153
     183
     191
     183
     170
     180
     165
     149
     151
     167
     158
     163
     146
     161
     179
     171
     174
     145
     165
     177
     139
     154
     143
     164
     178
     153
     178
     154
     139
     153
     141
     152
     139
     157
     132
     127
     134
     130
     129
     140
     135
     134
     144
     148
     178
     157
     145
     141
     115
     156
     144
     146
     126
     133
     118
     125
     134
     150
     138
     143
     115
     147
     100
     111
     129
     130
     139
     120
     131
     132
     137
     120
     111
     121
     105
     124
     110
     115
     116
     116
     115
     112
     116
     119
      89
     116
     101
     110
     108
      84
     119
     110
      83
      91
      74
      97
      71
      95
      90
      77
      80
      76
      80
      89
      70
      88
      74
      63
      70
      80
      63
      62
      91
      63
      88
      62
      79
      70
      70
      62
      71
      57
      69
      73
      62
      77
      66
      82
      80
      63
      56
      55
      61
      61
      52
      61
      69
      49
      63
      71
      65
      58
      56
      65
      61
      67
      62
      62
      43
      61
      64
      62
      51
      61
      58
      67
      65
      73
      59
      67
      59
      60
      76
      69
      59
      59
      70
      46
      73
      45
      61
      55
      54
      51
      56
      51
      59
      53
      58
      56
      45
      54
      55
      58
      64
      45
      57
      51
      50
      71
      51
      53
      64
      64
      66
      46
      50
      61
      54
      44
      47
      64
      61
      48
      43
      51
      72
      55
      61
      40
      59
      55
      47
      57
      52
      49
      47
      34
      56
      53
      53
      40
      55
      53
      45
      39
      46
      39
      40
      45
      53
      43
      54
      35
      43
      29
      37
      49
      35
      49
      49
      28
      28
      35
      47
      36
      46
      35
      32
      47
      27
      34
      24
      25
      36
      37
      30
      27
      28
      26
      29
      34
      32
      36
      36
      26
      28
      30
      31
      35
      25
      28
      30
      31
      28
      27
      21
      22
      29
      25
      23
      18
      22
      21
      22
      20
      23
      19
      18
      32
      20
      18
      24
      20
      19
      26
      18
      21
      22
      13
      20
      17
      20
      35
      25
      26
      17
      17
      22
      18
      24
      27
      25
      25
      21
      24
      16
      21
      19
      20
      31
      27
      21
      15
      17
      23
      20
      19
      26
      23
      30
      24
      32
      23
      29
      26
      29
      30
      27
      26
      38
      26
      24
      38
      26
      36
      39
      50
      31
      42
      46
      60
      67
      69
      51
      60
      80
      70
      73
      95
      77
      98
     122
     130
     116
     100
     111
     144
     142
     135
     137
     130
     157
     136
     139
     168
     177
     156
     175
     190
     169
     144
     156
     155
     122
     134
     145
     134
     135
     125
     137
     126
     120
     113
     105
      91
      97
      96
      58
      58
      46
      51
      62
      58
      40
      47
      32
      34
      24
      23
      17
      22
      20
      18
      15
      17
       9
      13
      13
       9
      12
       5
       4
       4
      13
       6
      11
       2
       2
      10
       4
       5
       5
       4
       5
       5
      10
       4
       2
       5
       5
       3
       3
       3
       3
       7
       3
       3
       6
       9
       4
       6
       6
       3
       3
       4
       9
       3
       3
       2
       6
       4
       4
       3
       3
       3
      12
       1
       7
       3
       2
       2
       2
       3
       4
       4
       5
       2
       3
       6
       2
       4
       3
       0
       3
       9
       3
       2
       4
       5
       4
       6
       3
       3
       5
       4
       2
       6
       7
       5
       3
       0
       6
       3
       2
       5
       2
       7
       7
       5
       2
       3
       4
       7
       1
       5
       5
       5
       6
       3
       7
       2
       2
       4
       1
       3
       4
       4
       4
       3
       6
       1
       4
       2
       4
       4
       5
       3
       2
       4
       2
       1
       3
       5
       6
       2
       3
       2
       2
       7
       1
       3
       4
       5
       1
       8
       4
       3
       3
       8
       4
       4
       5
       3
       1
       5
       6
       5
       4
       4
       2
       5
       3
       2
       2
       1
       4
       4
       6
       4
       1
       3
       5
       3
       4
       3
       6
       3
       2
       4
       5
       5
       1
       3
       4
       5
       6
       2
       7
       4
       2
       4
       6
       3
       2
       4
       3
       3
       5
       6
       2
       3
       3
       0
       1
       3
       1
       3
       2
       2
       5
       3
       2
       2
       1
       1
       4
       5
       2
       2
       5
       6
       3
       4
       4
       1
       0
       2
       3
       2
       2
       7
       2
       3
       2
       4
       1
       3
       1
       2
       2
       3
       5
       2
       7
       0
       5
       4
       3
       3
       3
       4
       2
       4
       3
       4
       2
       2
       1
       6
       3
       4
       1
       2
       2
       6
       1
       3
       1
       1
       0
       4
       5
       5
       4
       3
       2
       4
       3
       2
       3
       3
       1
       2
       0
       3
       1
       2
       1
       1
       2
       4
       5
       3
       1
       3
       3
       2
       1
       4
       3
       5
       0
       2
       4
       4
       4
       1
       2
       3
       2
       2
       3
       4
       1
       1
       2
       1
       4
       1
       2
       0
       5
       1
       1
       2
       2
       4
       2
       1
       2
       3
       3
       0
       2
       1
       4
       1
       1
       1
       2
       0
       6
       4
       3
       1
       0
       5
       4
       3
       2
       0
       2
       2
       3
       1
       1
       1
       1
       1
       0
       4
       2
       2
       3
       0
       1
       1
       1
       1
       2
       2
       1
       0
       3
       0
       2
       0
       2
       0
       4
       3
       0
       1
       3
       2
       1
       1
       1
       0
       0
       1
       0
       2
       1
       2
       1
       2
       6
       2
       1
       2
       0
       1
       1
       1
       0
       3
       2
       2
       1
       0
       2
       2
       1
       1
       2
       1
       1
       0
       2
       2
       2
       0
       2
       3
       1
       0
       2
       1
       0
       2
       2
       1
       1
       1
       2
       1
       4
       3
       0
       1
       1
       2
       2
       0
       2
       0
       1
       1
       0
       0
       3
       1
       1
       1
       0
       2
       1
       2
       1
       0
       1
       4
       1
       2
       1
       1
       1
       1
       0
       4
       3
       1
       6
       1
       1
       2
       4
       4
       6
       0
       2
       2
       1
       0
       2
       4
       3
       2
       3
       3
       3
       2
       4
       3
       3
       2
       2
       1
       5
       7
       6
       4
       4
       1
       1
       2
       0
       4
       3
       2
       3
       3
       4
       2
       3
       1
       3
       1
       2
       2
       1
       3
       1
       3
       6
       3
       4
       1
       1
       2
       2
       3
       1
       3
       3
       3
       1
       3
       4
       1
       2
       4
       1
       1
       0
       0
       0
       0
       0
       3
       2
       2
       1
       2
       1
       2
       0
       1
       1
       1
       0
       3
       0
       3
       0
       0
       2
       2
       1
       1
       1
       1
       0
       2
       1
       1
       0
       0
       2
       0
       0
       0
       2
       0
       1
       1
       0
       1
       2
       0
       0
       0
       1
       0
       1
       0
       0
       0
       0
       0
       1
       0
       0
       0
       0
       1
       2
       0
       1
       1
       1
       1
       0
       1
       1
       0
       0
       0
       0
       2
       2
       0
       1
       0
       1
       1
       2
       1
       1
       1
       1
       0
       0
       1
       2
       1
       0
       1
       1
       1
       1
       0
       0
       0
       0
       0
       1
       0
       2
       1
       0
       1
       0
       0
       0
       1
       1
       0
       1
       1
       0
       0
       1
       0
       0
       1
       0
       0
       0
       0
       0
       2
       0
       0
       1
       0
       0
       0
       0
       0
       0
       1
       0
       0
       0
       0
       0
       1
       0
       1
       1
       0
       0
       1
       0
       0
       0
       0
       0
       0
       1
       0
       1
       0
       0
       1
       1
       0
       0
       0
       0
       1
       2
       1
       1
       0
       1
       1
       0
       1
       1
       1
       1
       0
       2
       1
       0
       0
       0
       0
       0
       0
       0
       1
       0
       1
       0
       0
       0
       0
       0
       0
       0
       0
       1
       0
       0
       1
       1
       0
       0
       0
       1
       0
       0
       0
       0
       1
       0
       1
       1
       0
       0
       0
       0
       0
       0
       1
       1
       0
       0
       0
       1
       0
       0
       0
       1
       0
       0
       0
       0
       0
       1
       0
       0
       1
       0
       0
       0
       1
       0
       1
       0
       1
       0
       0
       1
       2
       0
       1
       0
       0
       1
       0
       1
       1
       1
       0
       0
       0
       1
       0
       0
       0
       0
       0
       1
       2
       1
       0
       1
       2
       0
       0
       0
       0
       1
       0
       0
       0
       0
       0
       0
       0
       0
       2
       0
       0
       0
       1
       0
       0
       0
       0
       0
       0
       1
       2
       0
       0
       0
       0
       1
       0
       0
       0
       0
       0
       0
       0
       0
       0
       0
       0
       0
       0
       0
       0
       1
       0
       0
       0
       0
       0
       1
       1
       0
       0
       0
       0
       0
       0
       0
       0
       0
       1
       0
       0
       0
       0
       0
       0
       0
       0
       1
       0
       0
       0
       0
       1
       1
       0
       0
       0
       3
       0
       1
       0
       0
       1
       0
       0
       0
       0
       0
       1
       0
       0
       0
       0
       0
       0
       0
       0
       0
       0
       1
       0
       0
       0
       0
       0
       0
       0
       0
       0
       1
       0
       0
       0
       0
       0
       0
       0
       0
       0
       1
       1
       1
       0
       0
       0
       0
       1
       0
       0
       0
       0
       0
       1
       1
       0
       0
       1
       2
       0
       0
       2
       0
       0
       0
       0
       1
       0
       0
       0
       0
       0
       1
       1
       0
       1
       0
       0
       1
       0
       0
       0
       1
       0
       0
       0
       0
       0
       0
       0
       0
       1
       0
       1
       1
       1
       0
       0
       0
       1
       0
       0
       0
       0
       0
       0
       0
       1
       1
       0
       1
       0
       1
       0
       0
       1
       0
       0
       0
       0
       1
       1
       1
       0
       0
       0
       0
       0
       1
       0
       2
       1
       0
       1
       0
       1
       0
       0
       0
       0
       0
       0
       0
       0
       2
       0
       0
       0
       0
       0
       0
       0
       0
       0
       2
       0
       0
       1
       0
       0
       0
       1
       0
       0
       0
       0
       0
       0
       0
       1
       1
       0
       1
       0
       0
       1
       0
       0
       1
       0
       1
       0
       0
       1
       0
       1
       1
       0
       0
       0
       0
       1
       0
       0
       0
       0
       0
       0
       1
       0
       0
       0
       0
       0
       0
       0
       0
       0
       0
       0
       1
       0
       0
       0
       0
       1
       0
       0
       0
       0
       0
       0
       0
       0
       0
       0
       0
       0
       1
       0
       0
       0
       0
       0
       0
       0
       0
       0
       0
       0
       0
       0
       0
       0
       0
       0
       0
       0
       0
       0
       0
       0
       0
       0
       0
       0
       1
       0
       0
       0
       0
       0
       0
       0
       0
       0
       0
       0
       1
       1
       0
       1
       0
       1
       0
       0
       0
       0
       0
       1
       0
       0
       1
       1
       0
       0
       0
       0
       0
       0
       0
       1
       0
       0
       0
       0
       0
       0
       1
       0
       1
       0
       0
       0
       0
       0
       0
       0
       0
       0
       0
       0
       0
       0
       0
       0
       0
       2
       0
       0
       0
       1
       0
       0
       0
       0
       0
       0
       0
       0
       0
       0
       0
       0
       0
       1
       0
       0
       0
       0
       0
       0
       1
       1
       1
       1
       0
       0
       0
       0
       0
       0
       0
       0
       0
       0
       0
       0
       0
       1
       0
       0
       1
       0
       0
       0
       0
       0
       1
       1
       0
       0
       0
       1
       0
       0
       0
       0
       1
       1
       0
       0
       0
       0
       0
       0
       1
       0
       0
       0
       0
       0
       0
       0
       0
       0
       1
       0
       0
       0
       0
       0
       1
       0
       1
       0
       0
       0
       0
       0
       0
       0
       0
       0
       1
       0
       0
       0
       0
       1
       0
       1
       0
       0
       0
       0
       1
       0
       0
       0
       0
       0
       0
       0
       0
       0
       0
       0
       0
       0
       0
       0
       0
       1
       0
       0
       0
       0
       0
       0
       0
       0
       0
       0
       0
       0
       0
       0
       0
       0
       0
       0
       0
       0
       0
       0
       0
       0
       0
       0
       0
       0
       0
       0
       0
       0
       0
       0
       0
       0
       0
       0
       0
       0
       0
       0
       0
       0
       0
       0
       0
       0
       0
       0
       0
       0
       0
       0
       0
       0
       0
       0
       0
       0
       0
       0
       0
       0
       0
       0
       0
       0
       0
       0
       0
       0
       0
       0
       0
       0
       0
       0
       0
       0
       1
       0
       1
       0
       0
       0
       0
       0
       0
       0
       0
       0
       0
       0
       0
       0
       0
       0
       0
       0
       0
       0
       0
       0
       0
       0
       0
       0
       0
       0
       0
       0
       0
       0
       0
       0
       0
       0
       0
       0
       0
       1
       0
       0
       0
       0
       0
       0
       0
       0
       0
       0
       0
       0
       0
       0
       0
       0
       0
       0
       0
       0
       0
       0
       1
       0
       0
       0
       0
       0
       0
       0
       0
       0
       0
       0
       0
       0
       0
       0
       0
       0
       0
       0
       0
       0
       0
       0
       0
       0
       0
       0
       0
       0
       0
       0
       0
       0
       0
       0
       0
       0
       0
       0
       0
       0
       0
       0
       0
       0
       0
       0
       0
       0
       0
       0
       0
       0
       0
       0
$ROI:
0
$PRESETS:
Real Time
300
0
$ENER_FIT:
0.000000 0.000000
$MCA_CAL:
3
0.000000E+000 0.000000E+000 0.000000E+000 
$SHAPE_CAL:
3
0.000000E+000 0.000000E+000 0.000000E+000
