$SPEC_ID:
No sample description was entered.
$SPEC_REM:
DET# 13001
DETDESC# TL-101B-04 Easy-MCA-2k SN 11350422
AP# Maestro Version 7.01
$DATE_MEA:
03/07/2024 17:34:14
$MEAS_TIM:
226 300
$DATA:
0 2047
       0
       0
       0
       0
       0
       0
       0
       0
       0
       0
       0
       0
       0
       0
       0
       1
       0
       0
       1
    2684
   14374
   25841
   44210
   67155
   89521
  100921
   98619
   86224
   73216
   62077
   54216
   47673
   42719
   38181
   34301
   30720
   27843
   24141
   20885
   17488
   14435
   11938
   10026
    9111
    8620
    8385
    8829
    9180
   10218
   11413
   12699
   13429
   14152
   14522
   14487
   14185
   13843
   13532
   13909
   14396
   15424
   16957
   19592
   22324
   24983
   28072
   29855
   30360
   29852
   27993
   25775
   22567
   20299
   17800
   16120
   14409
   13132
   11881
   10637
    9594
    8647
    7731
    6834
    6428
    5988
    5886
    5972
    6363
    6644
    6939
    7638
    8138
    8595
    8606
    8638
    8572
    8284
    7880
    7485
    7085
    6810
    6327
    5991
    5707
    5671
    5422
    5259
    4977
    5101
    4874
    4715
    4907
    4907
    4968
    4955
    5019
    5112
    5315
    5328
    5471
    5509
    5844
    5755
    5716
    5655
    5692
    5663
    5756
    5571
    5537
    5677
    5467
    5493
    5358
    5425
    5261
    5259
    5199
    5095
    5174
    4929
    5021
    4822
    4819
    4733
    4787
    4680
    4506
    4667
    4488
    4353
    4463
    4257
    4270
    4217
    4101
    3986
    3992
    3867
    3853
    3794
    3813
    3763
    3577
    3638
    3566
    3406
    3235
    3346
    3213
    3273
    3037
    3114
    3036
    2982
    2908
    2875
    2841
    2782
    2794
    2783
    2753
    2756
    2744
    2601
    2466
    2574
    2535
    2435
    2557
    2505
    2648
    2594
    2498
    2706
    2637
    2609
    2736
    2703
    2831
    2947
    3039
    3094
    3184
    3246
    3385
    3466
    3565
    3547
    3748
    3719
    3975
    3969
    4077
    4137
    4241
    4441
    4341
    4682
    4731
    4818
    4811
    5120
    5265
    5305
    5362
    5455
    5564
    5580
    5618
    5497
    5610
    5571
    5541
    5392
    5170
    5341
    5287
    5168
    5220
    4958
    5026
    4964
    5009
    5120
    5417
    5543
    5815
    6089
    6346
    6677
    7202
    7398
    7923
    8401
    8775
    9226
    9668
   10271
   10674
   11093
   11315
   11821
   12066
   12349
   12383
   12663
   12718
   12662
   12767
   12495
   12211
   12248
   11959
   11689
   11232
   11127
   10690
   10523
   10147
    9923
    9567
    9482
    9021
    8717
    8522
    8389
    8091
    7805
    7591
    7453
    7333
    7174
    6907
    6654
    6562
    6307
    5954
    5873
    5707
    5359
    5087
    4730
    4729
    4523
    4330
    4162
    3851
    3651
    3563
    3453
    3220
    3058
    2870
    2880
    2786
    2705
    2631
    2619
    2594
    2534
    2459
    2459
    2438
    2426
    2514
    2406
    2353
    2366
    2333
    2343
    2218
    2164
    2217
    2188
    2168
    2091
    2034
    1979
    1877
    1851
    1711
    1691
    1665
    1569
    1545
    1388
    1300
    1240
    1188
    1089
    1077
    1031
     951
     899
     842
     794
     751
     700
     722
     666
     628
     644
     568
     560
     546
     505
     475
     490
     452
     445
     433
     391
     423
     403
     381
     360
     319
     335
     309
     279
     281
     268
     277
     260
     262
     216
     211
     222
     217
     193
     201
     187
     184
     173
     155
     178
     165
     159
     165
     173
     153
     171
     148
     148
     131
     171
     134
     144
     128
     132
     116
     135
     120
     145
     136
     124
     147
     113
     120
     132
     122
     109
     121
     120
     121
     136
     119
     125
     102
      93
     112
     123
     107
     134
     120
     110
     108
      95
     112
      93
     104
     114
     104
     115
     111
     121
     100
      79
     132
      99
     100
      94
     103
     110
     107
      86
     104
     103
     103
      92
      89
      95
      93
     120
      98
     103
     106
      94
     105
     116
     113
     114
     123
      92
     105
     115
     111
     122
      97
     123
      93
      96
     106
     121
     110
      99
      89
      98
     111
     110
     108
      95
      92
      99
      92
     107
      79
     103
      91
      92
      83
      99
      97
      85
      92
      83
      75
      77
      62
      70
      86
      66
      71
      72
      61
      76
      97
      61
      62
      70
      72
      56
      57
      72
      61
      51
      78
      79
      70
      61
      68
      52
      61
      67
      58
      47
      51
      66
      50
      55
      63
      47
      53
      64
      60
      60
      47
      50
      59
      36
      62
      44
      40
      39
      50
      47
      42
      53
      50
      43
      40
      49
      38
      33
      44
      33
      33
      34
      38
      29
      45
      40
      33
      42
      38
      30
      25
      34
      37
      38
      26
      27
      24
      27
      26
      20
      31
      21
      35
      22
      23
      28
      27
      24
      26
      17
      20
      18
      16
      27
      13
      18
      19
      20
      17
      21
      18
      20
      18
      25
      20
      15
      13
      18
      13
      11
      13
      14
      15
      19
      12
      16
      16
      12
      19
       7
      14
      13
      10
      10
      12
       9
      12
      12
      18
       9
       7
      16
      13
      13
       7
      13
       7
      14
       9
      14
       6
      13
      11
      13
      11
      11
      10
       8
       9
      10
       9
      11
      11
       8
       4
       8
      12
      10
       9
      11
      10
      12
      15
      10
      11
       8
      10
       7
      11
       6
       8
      11
       5
      18
       6
       7
       9
      10
      10
       5
      13
       7
       9
      14
       7
       8
       5
      10
      14
       4
       5
       5
      11
       7
      10
      12
       7
       7
       4
       9
      10
       8
       6
       3
       4
      10
      11
       8
      12
       7
       6
       6
       5
       8
       8
       6
       5
       8
       4
       7
       4
       4
      10
       3
       6
       7
       7
       3
      10
       5
       5
       8
       6
       4
       8
       4
       6
       4
       4
       9
       4
       6
       4
       2
       4
       4
       5
       2
       9
       6
       4
       5
       4
       3
       5
       7
       4
       4
       3
       5
       4
       4
       7
       4
       6
       8
       3
       9
       7
       5
       4
       5
       6
       5
       3
       2
       5
       3
       1
       6
       3
       3
       4
       2
       4
       4
       4
       4
       8
       6
       5
       6
       7
       7
       6
       5
       4
       4
       4
       4
       6
       5
       6
       6
      10
       7
       8
       4
       4
       0
      12
       3
       8
       4
       8
       9
       7
       8
       8
       8
       9
       8
       3
      11
      10
      11
       3
       7
      11
       5
       3
      10
      13
      14
       6
      11
       4
       8
       5
       9
       9
       9
       5
       5
       9
       6
       5
       9
       5
       4
       6
      16
       4
       4
       3
      10
       4
       2
       8
       3
       5
       7
       2
       7
       3
       9
       5
       8
       8
      10
       6
       2
       5
       6
       4
       7
       5
       4
       5
       3
       4
       3
       4
       8
       4
       7
       4
       6
       6
       5
       4
       4
       5
       8
       2
       3
       5
       4
       3
       8
       4
       6
       7
       7
       2
       3
       6
       6
      12
       9
       8
       8
      11
       4
       7
      10
      10
      13
       7
       8
       8
       5
       9
       7
       5
       5
       2
       1
       6
       5
       4
       9
       8
       5
       3
       8
       4
       9
       7
       8
       6
       6
       5
       2
      10
       6
       8
       9
       6
       4
       7
       3
      10
       9
       6
       4
       4
       7
       7
       3
       3
       1
       4
       6
       4
       0
       4
       2
       5
       3
       5
       3
       3
       6
       2
       0
       4
       2
       7
       0
       2
       2
       4
       6
       3
       1
       2
       2
       1
       2
       2
       3
       1
       2
       2
       4
       1
       3
       2
       2
       3
       0
       1
       1
       2
       3
       2
       3
       7
       3
       2
       0
       1
       4
       1
       2
       2
       4
       2
       1
       2
       1
       4
       2
       2
       4
       5
       2
       3
       2
       4
       1
       3
       2
       2
       1
       3
       2
       2
       1
       4
       3
       0
       0
       7
       4
       2
       1
       4
       0
       7
       1
       3
       0
       4
       1
       4
       1
       5
       1
       2
       0
       1
       1
       1
       1
       2
       0
       1
       3
       0
       2
       0
       2
       3
       2
       1
       3
       1
       1
       1
       0
       0
       0
       0
       2
       1
       2
       2
       1
       2
       3
       0
       0
       1
       1
       1
       0
       0
       0
       0
       1
       0
       0
       0
       0
       1
       0
       0
       0
       0
       1
       1
       1
       0
       0
       0
       0
       0
       0
       0
       0
       2
       0
       2
       1
       3
       0
       1
       2
       1
       1
       0
       0
       1
       0
       1
       2
       0
       1
       0
       2
       1
       0
       1
       0
       0
       2
       1
       0
       0
       1
       1
       1
       0
       0
       0
       0
       0
       1
       0
       2
       0
       1
       0
       0
       0
       0
       1
       0
       0
       0
       0
       0
       0
       1
       1
       0
       0
       0
       0
       0
       0
       1
       2
       0
       2
       0
       1
       2
       0
       0
       1
       1
       0
       1
       1
       0
       1
       0
       0
       0
       0
       0
       0
       0
       0
       0
       1
       1
       0
       0
       0
       0
       2
       0
       1
       0
       0
       0
       2
       1
       1
       0
       1
       0
       1
       0
       1
       0
       2
       0
       1
       0
       1
       0
       1
       1
       0
       2
       1
       0
       2
       0
       2
       1
       0
       0
       0
       2
       0
       1
       2
       0
       0
       1
       0
       0
       1
       0
       0
       0
       0
       1
       1
       2
       1
       1
       0
       0
       0
       0
       0
       0
       1
       1
       0
       0
       1
       0
       0
       1
       0
       1
       0
       0
       0
       0
       1
       1
       0
       0
       0
       0
       0
       0
       0
       0
       0
       1
       0
       0
       1
       0
       0
       0
       0
       0
       0
       0
       0
       1
       0
       1
       0
       0
       1
       1
       1
       0
       0
       0
       0
       0
       0
       1
       0
       0
       0
       1
       0
       0
       0
       0
       0
       0
       0
       0
       0
       0
       1
       0
       0
       0
       0
       0
       0
       1
       0
       0
       0
       0
       1
       0
       1
       1
       0
       0
       0
       0
       1
       1
       0
       0
       1
       0
       0
       1
       0
       0
       0
       0
       0
       0
       0
       0
       0
       0
       0
       0
       0
       0
       0
       0
       0
       0
       0
       0
       0
       1
       0
       1
       0
       0
       0
       0
       1
       0
       0
       0
       1
       0
       0
       0
       0
       1
       1
       0
       0
       1
       1
       0
       0
       0
       0
       0
       0
       0
       0
       0
       0
       0
       0
       0
       0
       0
       0
       0
       0
       0
       0
       0
       0
       0
       0
       0
       0
       0
       0
       1
       0
       0
       0
       0
       0
       0
       0
       0
       0
       0
       1
       0
       1
       0
       0
       0
       1
       0
       0
       0
       0
       1
       0
       0
       1
       0
       0
       0
       2
       1
       0
       0
       0
       0
       0
       1
       0
       0
       0
       0
       0
       2
       1
       1
       0
       0
       1
       1
       0
       0
       2
       2
       2
       1
       1
       1
       0
       0
       0
       0
       0
       0
       0
       0
       0
       0
       1
       0
       0
       0
       1
       1
       0
       0
       0
       0
       0
       0
       0
       0
       0
       1
       2
       0
       1
       0
       1
       0
       0
       0
       0
       0
       0
       0
       0
       0
       0
       0
       0
       1
       0
       0
       0
       0
       0
       1
       0
       0
       0
       0
       1
       1
       0
       0
       0
       0
       1
       0
       1
       0
       1
       1
       0
       0
       0
       0
       0
       0
       0
       0
       1
       0
       0
       0
       0
       0
       0
       0
       0
       0
       0
       0
       0
       0
       1
       0
       0
       0
       0
       0
       0
       0
       0
       0
       0
       0
       0
       0
       0
       0
       0
       1
       0
       0
       0
       0
       1
       0
       0
       1
       0
       0
       0
       0
       0
       0
       0
       0
       0
       0
       0
       0
       0
       0
       1
       1
       0
       0
       0
       1
       0
       0
       0
       0
       0
       2
       0
       0
       1
       0
       0
       0
       0
       0
       0
       0
       0
       0
       0
       0
       0
       0
       0
       0
       0
       0
       0
       0
       0
       0
       0
       0
       0
       0
       0
       0
       0
       0
       0
       0
       0
       0
       0
       0
       1
       0
       0
       0
       0
       0
       0
       0
       0
       0
       0
       0
       0
       0
       0
       1
       0
       0
       0
       0
       0
       0
       0
       0
       0
       2
       0
       0
       0
       0
       0
       0
       0
       0
       0
       0
       0
       0
       0
       0
       0
       0
       0
       1
       0
       0
       1
       1
       1
       0
       0
       0
       0
       0
       0
       0
       0
       0
       0
       0
       0
       0
       0
       0
       0
       0
       0
       0
       0
       1
       0
       0
       0
       0
       0
       0
       0
       0
       1
       2
       0
       0
       0
       0
       0
       0
       0
       1
       0
       0
       0
       0
       1
       0
       0
       0
       0
       0
       0
       1
       0
       0
       0
       0
       1
       0
       1
       0
       0
       0
       0
       1
       0
       0
       0
       0
       0
       1
       1
       1
       0
       0
       0
       0
       0
       0
       0
       0
       0
       0
       2
       0
       0
       1
       0
       0
       1
       0
       0
       1
       0
       1
       1
       0
       0
       0
       0
       0
       0
       0
       0
       0
       0
       0
       0
       0
       0
       0
       0
       0
       0
       0
       1
       1
       0
       0
       0
       1
       1
       1
       0
       0
       0
       0
       0
       0
       0
       0
       0
       1
       0
       0
       0
       0
       0
       0
       0
       1
       0
       0
       0
       0
       0
       0
       0
       0
       0
       1
       1
       0
       0
       0
       0
       0
       1
       0
       0
       0
       0
       0
       0
       0
       1
       0
       0
       0
       0
       0
       0
       0
       1
       0
       0
       0
       0
       0
       0
       0
       0
       0
       0
       0
       0
       0
       0
       0
       0
       0
       0
       0
       0
       0
       0
       0
       0
       0
       0
       0
       0
       0
       0
       0
       0
       0
       0
       0
       0
       0
       0
       0
       0
       0
       0
       0
       0
       0
       0
       0
       0
       0
       0
       0
       0
       0
       0
       0
       0
       0
       0
       0
       0
       0
       0
       0
       0
       0
       1
       0
       0
       0
       0
       0
       0
       0
       1
       0
       0
       0
       0
       0
       0
       1
       0
       0
       0
       0
       0
       0
       0
       0
       0
       0
       0
       0
       0
       0
       0
       0
       0
       0
       0
       0
       0
       0
       0
       0
       0
       0
       0
       0
       0
       0
       0
       0
       0
       0
       0
       0
       0
       0
       0
       0
       0
       0
       0
       0
       0
       0
       0
       0
       0
       0
       0
       0
       0
       0
       0
       0
       0
       0
       0
       0
       0
       0
       0
       0
       0
$ROI:
0
$PRESETS:
Real Time
300
0
$ENER_FIT:
0.000000 0.000000
$MCA_CAL:
3
0.000000E+000 0.000000E+000 0.000000E+000 
$SHAPE_CAL:
3
0.000000E+000 0.000000E+000 0.000000E+000
