$SPEC_ID:
No sample description was entered.
$SPEC_REM:
DET# 13001
DETDESC# TL-101B-04 Easy-MCA-2k SN 11350422
AP# Maestro Version 7.01
$DATE_MEA:
03/07/2024 17:28:13
$MEAS_TIM:
232 300
$DATA:
0 2047
       0
       0
       0
       0
       0
       0
       0
       0
       0
       0
       0
       0
       0
       0
       0
       0
       0
       0
       0
     228
     947
    1027
    1159
    1216
    1224
    1207
    1224
    1053
    1042
    1011
     943
     951
     946
     915
     942
     920
     930
     917
     965
     886
     891
     910
     972
     894
     918
     956
     976
     910
     949
     952
     971
     920
     936
     936
     980
     978
    1004
     951
    1021
    1047
    1119
    1037
    1118
    1095
    1084
    1037
    1081
    1121
    1108
    1068
    1052
    1040
    1040
    1064
    1043
    1049
    1005
    1019
    1050
    1074
    1015
    1058
    1096
    1047
    1075
    1109
    1178
    1063
    1121
    1138
    1090
    1075
    1065
    1104
    1129
    1111
    1159
    1113
    1162
    1141
    1124
    1169
    1154
    1228
    1159
    1206
    1183
    1188
    1169
    1187
    1170
    1198
    1182
    1225
    1231
    1288
    1215
    1216
    1247
    1257
    1212
    1150
    1228
    1257
    1202
    1268
    1211
    1228
    1279
    1231
    1214
    1204
    1273
    1262
    1208
    1247
    1209
    1220
    1254
    1255
    1251
    1246
    1282
    1251
    1318
    1332
    1295
    1342
    1380
    1361
    1311
    1394
    1420
    1442
    1457
    1563
    1535
    1645
    1623
    1691
    1671
    1814
    1683
    1781
    1775
    1888
    1809
    1818
    1851
    1854
    1888
    1904
    1853
    1833
    1796
    1769
    1747
    1728
    1750
    1740
    1678
    1672
    1758
    1691
    1662
    1632
    1621
    1668
    1584
    1546
    1550
    1495
    1542
    1477
    1458
    1385
    1388
    1439
    1433
    1379
    1381
    1354
    1365
    1376
    1316
    1370
    1313
    1269
    1265
    1298
    1284
    1319
    1223
    1233
    1189
    1184
    1272
    1180
    1253
    1231
    1169
    1157
    1189
    1204
    1184
    1125
    1185
    1138
    1166
    1119
    1117
    1104
    1092
    1097
    1144
    1086
    1064
    1038
    1087
    1032
    1002
     964
    1035
    1062
     963
     965
    1005
     988
     977
     998
    1015
    1014
     970
    1007
     973
     910
     951
     983
     971
     972
     953
     935
     947
     918
     939
     904
     942
     953
     902
     936
     927
     898
     904
     896
     853
     883
     834
     852
     833
     858
     841
     860
     819
     776
     785
     807
     827
     845
     783
     777
     818
     857
     776
     774
     800
     741
     800
     789
     777
     767
     799
     799
     749
     745
     792
     778
     780
     734
     756
     780
     728
     764
     733
     729
     773
     756
     736
     752
     721
     730
     715
     793
     710
     783
     711
     703
     750
     729
     775
     720
     714
     730
     697
     666
     705
     747
     731
     708
     725
     738
     746
     700
     726
     758
     717
     719
     692
     732
     741
     730
     747
     692
     720
     675
     722
     705
     700
     668
     683
     701
     704
     738
     737
     696
     708
     723
     724
     745
     728
     739
     755
     673
     683
     692
     730
     744
     721
     697
     744
     688
     716
     722
     756
     699
     743
     680
     697
     736
     733
     665
     685
     689
     733
     650
     668
     724
     658
     686
     696
     682
     683
     701
     667
     665
     693
     674
     695
     644
     655
     671
     661
     714
     683
     706
     705
     698
     627
     653
     644
     663
     631
     618
     638
     640
     652
     635
     689
     627
     684
     676
     703
     703
     678
     674
     664
     669
     658
     656
     660
     688
     647
     633
     623
     642
     651
     668
     728
     645
     637
     671
     679
     696
     659
     691
     656
     674
     689
     617
     657
     659
     681
     632
     629
     706
     719
     702
     669
     699
     661
     658
     725
     678
     680
     645
     673
     653
     637
     688
     643
     638
     654
     672
     692
     717
     759
     671
     702
     680
     715
     633
     698
     680
     665
     721
     713
     709
     633
     658
     678
     635
     710
     709
     705
     703
     638
     688
     712
     686
     669
     706
     691
     713
     690
     709
     710
     688
     674
     655
     670
     713
     686
     696
     712
     752
     651
     660
     674
     742
     667
     714
     659
     693
     685
     697
     727
     708
     691
     706
     740
     672
     761
     674
     729
     695
     663
     684
     688
     669
     744
     705
     743
     735
     696
     746
     722
     748
     715
     719
     715
     738
     713
     750
     726
     748
     770
     700
     772
     692
     746
     738
     748
     754
     779
     733
     778
     765
     768
     770
     745
     793
     755
     697
     735
     725
     764
     756
     732
     753
     798
     775
     824
     733
     859
     770
     751
     779
     804
     775
     781
     763
     818
     754
     813
     767
     792
     791
     802
     788
     778
     795
     805
     799
     800
     789
     795
     805
     825
     783
     805
     860
     796
     769
     780
     825
     802
     823
     850
     813
     817
     804
     840
     756
     808
     797
     806
     844
     797
     757
     803
     772
     797
     816
     796
     793
     823
     783
     772
     801
     835
     776
     770
     784
     758
     807
     792
     767
     792
     772
     779
     761
     759
     780
     779
     766
     746
     725
     772
     739
     739
     742
     750
     800
     719
     721
     712
     705
     716
     688
     751
     683
     730
     671
     669
     675
     656
     680
     649
     669
     655
     662
     677
     636
     632
     642
     672
     650
     577
     634
     604
     611
     622
     650
     578
     632
     607
     581
     606
     594
     551
     547
     597
     574
     566
     572
     556
     546
     521
     581
     505
     534
     532
     501
     555
     547
     558
     572
     560
     543
     524
     547
     526
     502
     565
     525
     559
     557
     543
     502
     520
     506
     506
     534
     504
     513
     517
     524
     510
     517
     515
     526
     493
     515
     471
     497
     497
     543
     485
     530
     514
     507
     482
     541
     533
     513
     490
     516
     468
     460
     498
     476
     463
     498
     478
     552
     526
     503
     501
     494
     500
     481
     520
     520
     500
     519
     514
     502
     569
     620
     558
     589
     540
     624
     635
     631
     662
     676
     662
     697
     715
     765
     785
     802
     844
     869
     862
     955
     995
    1004
    1008
    1034
    1112
    1117
    1206
    1175
    1277
    1311
    1364
    1429
    1447
    1400
    1535
    1553
    1548
    1617
    1683
    1588
    1641
    1579
    1656
    1650
    1727
    1795
    1898
    1747
    1769
    1768
    1754
    1741
    1762
    1677
    1655
    1702
    1642
    1601
    1602
    1607
    1578
    1502
    1447
    1392
    1382
    1363
    1327
    1333
    1223
    1227
    1137
    1073
    1032
    1036
     935
     922
     922
     888
     838
     804
     755
     743
     714
     645
     698
     606
     604
     592
     504
     501
     477
     488
     452
     434
     419
     446
     376
     434
     368
     396
     416
     358
     334
     341
     348
     342
     330
     342
     323
     381
     371
     348
     378
     370
     367
     389
     455
     424
     454
     474
     502
     499
     529
     540
     597
     622
     626
     660
     649
     709
     773
     749
     800
     806
     879
     919
     935
     943
    1020
    1005
    1054
    1062
    1144
    1113
    1114
    1191
    1137
    1182
    1315
    1247
    1240
    1216
    1293
    1299
    1294
    1312
    1324
    1318
    1338
    1339
    1381
    1335
    1361
    1320
    1342
    1390
    1310
    1206
    1226
    1215
    1181
    1152
    1211
    1131
    1114
    1059
    1011
    1003
     963
     980
     966
     887
     895
     841
     763
     792
     707
     651
     666
     691
     629
     574
     577
     595
     532
     493
     451
     466
     396
     400
     412
     398
     342
     319
     305
     293
     307
     291
     258
     239
     244
     239
     213
     181
     206
     177
     167
     202
     153
     168
     160
     132
     135
     158
     135
     134
     119
     146
     128
     120
     112
     119
     115
     105
      95
      97
     106
      88
      91
      92
      94
      98
      87
      76
      85
      98
      79
      63
      99
      61
      77
      75
      82
      76
      82
      70
      68
      88
      71
      70
      80
      92
      84
      75
      80
      70
      72
      77
      77
      75
      81
      67
      73
      71
      76
      82
      96
      83
      80
      50
      87
      66
      79
      82
      64
      90
      71
      61
      78
      75
      64
      83
      56
      56
      61
      81
      70
      81
      67
      72
      75
      64
      58
      38
      64
      68
      68
      67
      62
      70
      82
      70
      74
      67
      71
      77
      65
      60
      63
      83
      64
      74
      81
      83
      76
      76
      64
      65
      64
      80
      55
      72
      66
      72
      57
      65
      68
      58
      59
      52
      55
      58
      63
      62
      48
      78
      68
      69
      48
      58
      72
      52
      60
      59
      76
      70
      57
      62
      51
      57
      63
      73
      54
      58
      63
      50
      67
      64
      57
      58
      66
      61
      75
      44
      66
      82
      51
      58
      63
      48
      61
      62
      61
      54
      59
      51
      63
      64
      64
      70
      54
      49
      51
      59
      50
      45
      56
      60
      57
      53
      51
      44
      64
      42
      48
      61
      62
      46
      50
      57
      46
      42
      30
      69
      60
      56
      46
      45
      50
      53
      49
      39
      54
      60
      61
      46
      59
      36
      49
      53
      54
      37
      38
      50
      50
      54
      45
      58
      35
      57
      46
      59
      52
      40
      53
      37
      49
      44
      44
      47
      42
      30
      49
      42
      44
      47
      49
      40
      51
      44
      40
      41
      42
      47
      48
      40
      46
      48
      28
      46
      48
      44
      38
      46
      44
      34
      21
      32
      41
      42
      34
      35
      43
      43
      43
      47
      49
      36
      50
      42
      50
      48
      44
      45
      39
      36
      54
      45
      30
      48
      38
      42
      41
      38
      40
      39
      43
      43
      43
      38
      40
      37
      50
      37
      44
      46
      41
      35
      34
      35
      39
      41
      38
      42
      39
      38
      29
      41
      32
      32
      45
      40
      41
      43
      46
      34
      39
      32
      36
      40
      37
      56
      50
      38
      47
      48
      41
      34
      45
      47
      44
      33
      40
      41
      45
      37
      39
      39
      37
      46
      39
      36
      33
      32
      37
      28
      47
      33
      33
      31
      46
      43
      28
      35
      30
      40
      34
      31
      40
      33
      39
      45
      36
      40
      34
      41
      33
      39
      37
      44
      32
      32
      44
      39
      33
      38
      39
      29
      33
      33
      34
      43
      39
      31
      42
      41
      44
      29
      35
      41
      31
      34
      47
      30
      36
      31
      36
      21
      48
      30
      26
      38
      27
      38
      47
      40
      33
      43
      24
      34
      36
      38
      37
      39
      36
      31
      32
      32
      37
      37
      40
      26
      32
      35
      32
      32
      26
      38
      34
      26
      31
      42
      28
      37
      41
      32
      28
      26
      26
      29
      36
      33
      36
      24
      24
      39
      37
      36
      35
      23
      32
      30
      24
      26
      45
      29
      31
      30
      34
      27
      29
      25
      31
      27
      36
      37
      25
      23
      24
      28
      30
      35
      33
      32
      37
      26
      29
      31
      43
      25
      29
      34
      27
      32
      41
      31
      37
      34
      37
      41
      33
      32
      30
      34
      29
      36
      33
      22
      40
      32
      29
      33
      41
      32
      43
      39
      43
      28
      32
      39
      35
      32
      32
      40
      41
      28
      38
      28
      36
      33
      30
      26
      34
      37
      29
      29
      39
      28
      30
      26
      31
      33
      31
      25
      35
      31
      42
      40
      35
      43
      28
      33
      31
      33
      20
      27
      32
      38
      38
      32
      27
      32
      29
      33
      30
      34
      29
      35
      25
      34
      25
      31
      52
      34
      28
      28
      37
      33
      29
      39
      28
      25
      36
      28
      26
      30
      23
      30
      25
      26
      27
      24
      37
      26
      29
      25
      31
      28
      26
      26
      28
      30
      42
      29
      34
      34
      20
      26
      35
      22
      27
      25
      23
      29
      31
      37
      27
      23
      16
      25
      19
      22
      17
      28
      21
      16
      27
      13
      16
      27
      18
      23
      25
      16
      22
      11
      21
      14
      15
      13
      19
      15
       8
      18
      14
      20
      19
      17
      20
      16
      16
      11
      19
      13
      12
      14
      15
      15
      17
      10
      14
      15
       9
       8
      12
      16
      17
      13
      12
       9
      11
      14
      10
      13
      14
      10
      12
      11
      13
      14
       9
      10
      11
      10
      13
      15
      11
      13
       7
      10
      13
      13
       7
      15
       9
       8
      11
       8
      13
      10
       6
       9
       2
       5
       4
       9
      12
       9
      16
      14
      13
      10
      15
       9
      15
       5
       7
      12
      15
      12
      10
      11
      14
      10
      14
       9
      17
      14
      12
      25
      22
      21
      20
      20
      15
      21
      13
      20
      30
      30
      22
      20
      21
      33
      17
      22
      20
      25
      28
      19
      38
      33
      23
      25
      32
      24
      33
      40
      28
      30
      24
      23
      19
      28
      25
      29
      43
      40
      28
      29
      30
      33
      27
      38
      49
      34
      41
      37
      36
      42
      35
      47
      42
      34
      32
      45
      37
      35
      33
      36
      33
      27
      33
      33
      24
      39
      46
      31
      37
      31
      30
      39
      20
      24
      22
      27
      28
      31
      25
      22
      23
      25
      29
      23
      21
      26
      28
      22
      24
      11
      17
      20
      18
      25
      10
      11
      22
      18
      12
      17
      15
      10
      10
      10
      19
      13
      12
      10
       9
      14
       9
       7
      12
       6
       5
       6
       8
       8
       4
       3
      10
       4
       6
       7
       3
       6
       7
       4
       3
       5
       5
       3
       6
       4
       2
       2
       5
       3
       7
       4
       2
       1
       1
       3
       2
       0
       3
       5
       3
       2
       0
       5
       1
       2
       1
       1
       1
       2
       0
       0
       0
       1
       1
       2
       1
       1
       0
       0
       2
       2
       0
       2
       1
       2
       1
       1
       0
       2
       1
       0
       0
       0
       0
       1
       1
       0
       0
       0
       3
       0
       1
       1
       0
       0
       1
       2
       0
       1
       2
       1
       1
       0
       0
       0
       1
       1
       0
       0
       0
       1
       0
       2
       1
       3
       1
       1
       0
       1
       1
       0
       2
       0
       0
       0
       1
       1
       0
       2
       1
       0
       0
       2
       0
       1
       1
       2
       2
       0
       2
       1
       2
       0
       0
       1
       0
       2
       0
       1
       0
       1
       1
       3
       0
       0
       0
       0
       2
       0
       0
       0
       2
       0
       1
       4
       1
       0
       0
       0
       1
       0
       0
       0
       1
       2
       1
       1
       2
       0
       1
       0
       0
       0
       1
       2
       1
       1
       2
       2
       0
       0
       0
       0
       0
       0
       0
       0
       0
       0
       0
       0
       0
       0
       0
       0
       0
       0
       0
       0
       0
       0
       0
       0
       0
       0
       0
       0
       0
       0
       0
       0
       0
       0
$ROI:
0
$PRESETS:
Real Time
300
0
$ENER_FIT:
0.000000 0.000000
$MCA_CAL:
3
0.000000E+000 0.000000E+000 0.000000E+000 
$SHAPE_CAL:
3
0.000000E+000 0.000000E+000 0.000000E+000
