$SPEC_ID:
No sample description was entered.
$SPEC_REM:
DET# 13001
DETDESC# TL-101B-04 Easy-MCA-2k SN 11350422
AP# Maestro Version 7.01
$DATE_MEA:
03/07/2024 17:39:40
$MEAS_TIM:
236 300
$DATA:
0 2047
       0
       0
       0
       0
       0
       0
       0
       0
       0
       0
       0
       0
       0
       0
       0
       0
       0
       0
       0
     826
    3185
    4153
    6045
    8710
   12401
   15803
   17448
   17247
   15078
   12548
   10535
    8994
    7747
    6896
    6282
    5717
    5357
    4815
    4430
    3912
    3502
    3148
    2781
    2661
    2337
    2278
    2242
    2067
    2245
    2258
    2157
    2237
    2154
    2221
    2211
    2204
    2169
    2270
    2221
    2299
    2262
    2204
    2264
    2302
    2171
    2312
    2278
    2276
    2295
    2288
    2300
    2256
    2326
    2371
    2228
    2267
    2290
    2345
    2260
    2291
    2321
    2300
    2324
    2284
    2384
    2277
    2407
    2410
    2365
    2458
    2453
    2447
    2471
    2472
    2380
    2575
    2546
    2587
    2566
    2556
    2586
    2569
    2643
    2668
    2576
    2745
    2712
    2656
    2705
    2685
    2716
    2621
    2737
    2646
    2716
    2688
    2686
    2785
    2702
    2707
    2659
    2797
    2776
    2919
    2885
    2834
    2864
    3052
    2935
    2973
    2950
    3041
    3185
    3119
    3228
    3358
    3451
    3439
    3641
    3615
    3759
    3812
    3911
    4018
    3980
    4134
    4057
    4212
    4288
    4289
    4325
    4323
    4254
    4135
    4175
    4059
    4108
    4064
    4104
    4063
    4078
    3980
    3907
    3842
    3680
    3716
    3733
    3550
    3511
    3594
    3435
    3485
    3466
    3391
    3307
    3208
    3265
    3289
    3099
    3111
    3096
    3011
    2927
    3032
    2927
    2992
    2999
    2784
    2871
    2767
    2797
    2773
    2763
    2678
    2634
    2688
    2640
    2576
    2539
    2594
    2518
    2559
    2475
    2478
    2422
    2527
    2451
    2480
    2372
    2397
    2324
    2295
    2287
    2281
    2245
    2268
    2316
    2239
    2134
    2160
    2209
    2166
    2181
    2218
    2221
    2141
    2036
    2013
    2085
    2086
    2012
    2133
    2108
    1963
    1961
    2031
    1997
    2022
    2026
    1971
    1905
    1948
    1914
    1895
    1944
    1884
    1881
    1883
    1862
    1891
    1836
    1811
    2019
    1866
    1883
    1899
    1866
    1892
    1861
    1833
    1806
    1812
    1770
    1756
    1788
    1805
    1735
    1844
    1780
    1766
    1804
    1803
    1858
    1758
    1740
    1729
    1812
    1699
    1723
    1758
    1733
    1696
    1782
    1757
    1691
    1687
    1803
    1639
    1803
    1688
    1702
    1689
    1657
    1650
    1718
    1668
    1639
    1700
    1714
    1632
    1711
    1694
    1635
    1688
    1714
    1626
    1642
    1678
    1639
    1667
    1600
    1629
    1629
    1578
    1643
    1659
    1706
    1633
    1718
    1678
    1674
    1615
    1611
    1618
    1641
    1594
    1590
    1562
    1596
    1574
    1596
    1548
    1596
    1467
    1494
    1455
    1469
    1362
    1395
    1323
    1233
    1302
    1296
    1219
    1239
    1235
    1221
    1076
    1101
    1111
     984
    1004
     977
     966
     951
     922
     820
     847
     765
     709
     738
     753
     695
     638
     647
     629
     573
     594
     568
     566
     521
     521
     520
     514
     491
     515
     469
     462
     443
     391
     424
     399
     421
     410
     364
     341
     374
     366
     372
     380
     373
     365
     325
     341
     330
     327
     319
     331
     314
     284
     280
     307
     279
     294
     313
     280
     286
     267
     314
     310
     306
     302
     330
     332
     327
     298
     300
     337
     365
     364
     364
     340
     368
     354
     397
     391
     404
     427
     442
     417
     475
     465
     498
     540
     564
     579
     612
     664
     669
     770
     765
     811
     863
     940
    1048
    1127
    1276
    1269
    1480
    1615
    1616
    1882
    1978
    2171
    2399
    2554
    2746
    3131
    3379
    3610
    3954
    4155
    4569
    4827
    5087
    5546
    5824
    6043
    6641
    6822
    7039
    7682
    7825
    8165
    8435
    8758
    8785
    9208
    9293
    9531
    9468
    9613
    9696
    9610
    9831
    9678
    9612
    9524
    9311
    9293
    9068
    8655
    8455
    8189
    7735
    7498
    7272
    6804
    6593
    6242
    5644
    5368
    5045
    4644
    4391
    4034
    3841
    3441
    3249
    2928
    2704
    2279
    2082
    1915
    1748
    1573
    1294
    1216
    1086
     998
     825
     796
     695
     611
     519
     508
     389
     359
     293
     292
     254
     209
     185
     158
     140
     132
      92
     112
      98
      98
     103
      78
      82
      66
      69
      73
      69
      66
      75
      57
      79
      73
      65
      72
      60
      72
      59
      64
      61
      59
      63
      64
      53
      50
      61
      61
      62
      58
      59
      62
      56
      71
      63
      49
      63
      66
      57
      49
      51
      49
      51
      54
      65
      52
      54
      65
      52
      62
      50
      64
      56
      55
      57
      42
      48
      55
      42
      40
      57
      51
      53
      52
      60
      67
      74
      50
      54
      44
      42
      40
      41
      46
      45
      62
      39
      41
      49
      39
      46
      46
      40
      55
      60
      52
      42
      42
      45
      45
      33
      45
      31
      46
      43
      38
      41
      49
      43
      41
      42
      39
      57
      49
      50
      40
      40
      33
      36
      44
      32
      42
      39
      44
      46
      31
      40
      37
      36
      40
      27
      30
      34
      31
      29
      23
      40
      40
      19
      35
      36
      27
      37
      36
      34
      21
      27
      34
      32
      36
      32
      31
      46
      27
      39
      31
      25
      28
      29
      27
      33
      29
      33
      41
      25
      34
      23
      29
      27
      30
      36
      35
      35
      33
      30
      36
      31
      28
      22
      32
      37
      38
      36
      28
      32
      35
      15
      37
      27
      22
      32
      36
      25
      31
      27
      30
      12
      18
      22
      29
      34
      35
      25
      21
      20
      29
      25
      25
      32
      25
      14
      37
      26
      26
      28
      28
      28
      27
      22
      26
      20
      18
      17
      30
      29
      21
      21
      26
      24
      25
      23
      17
      22
      20
      26
      19
      18
      13
      24
      27
      26
      16
      25
      19
      21
      23
      18
      19
      15
      27
      18
      17
      10
      28
      12
      17
      20
      19
      26
      20
      22
      21
      11
      21
      20
      26
      14
      15
      17
      13
      20
      17
      22
      14
      10
      19
      13
      21
      13
      14
      18
      16
      11
      19
      24
      20
      15
      18
       9
      20
      15
      21
      20
      17
      24
      12
       9
      10
      23
      13
       9
      18
      20
      12
      16
      10
      11
      11
      10
      17
      13
      13
      12
      12
      13
      13
      19
       7
      11
      15
      21
      18
      14
       9
      13
      10
      14
      12
      13
      16
      16
      13
      13
      18
      15
       8
      14
      12
      15
       9
      11
      20
      14
      22
      16
       8
      17
      11
      15
      12
      10
      13
      13
      13
      13
      14
      16
      16
      13
       9
      12
      12
      21
      16
      16
      13
      13
      17
      18
      13
      19
      22
      11
      14
      22
      17
      16
      15
      22
      17
      15
      12
      21
      20
       8
      15
      16
      17
      16
      22
      14
      16
       8
      19
      13
      14
      16
      13
      10
      21
      21
      17
      18
      16
      10
      16
      14
      20
      20
      15
      28
      22
      20
      17
       8
      19
      23
      12
      20
      17
      13
      17
      15
      16
      16
      14
      21
      18
      19
      16
      17
      16
      16
      20
      14
      11
      14
       8
      11
      12
       7
       9
      12
      12
      13
       7
       4
       7
      11
       3
       9
      10
      10
       7
       8
      13
       9
      11
       4
       5
       8
       4
       6
       8
      12
       8
       8
       7
       6
       5
       4
       2
       3
       1
       4
       4
       3
       7
       2
       7
       4
       7
       5
       0
       1
       3
       3
       0
       4
       3
       1
       4
       1
       3
       4
       2
       7
       2
       2
       4
       3
       3
       0
       5
       3
       5
       0
       1
       7
       1
       4
       1
       3
       5
       2
       2
       4
       3
       3
       4
       1
       2
       3
       2
       2
       1
       6
       2
       1
       2
       2
       1
       1
       1
       1
       1
       5
       0
       2
       0
       4
       1
       1
       0
       0
       1
       6
       1
       0
       2
       3
       3
       2
       2
       1
       2
       1
       1
       1
       0
       2
       1
       1
       1
       1
       1
       1
       0
       0
       5
       2
       1
       0
       0
       1
       1
       0
       1
       1
       0
       0
       0
       0
       1
       1
       2
       1
       0
       0
       1
       1
       2
       0
       1
       1
       1
       0
       0
       0
       0
       2
       2
       0
       0
       1
       0
       0
       2
       1
       0
       2
       1
       2
       0
       0
       0
       0
       1
       0
       4
       1
       1
       0
       0
       0
       1
       1
       1
       1
       0
       0
       1
       2
       0
       0
       0
       0
       0
       1
       1
       1
       0
       0
       0
       0
       0
       0
       0
       0
       0
       0
       2
       0
       0
       1
       0
       0
       1
       1
       0
       1
       3
       1
       0
       1
       0
       0
       0
       1
       0
       0
       2
       1
       0
       1
       0
       0
       0
       0
       2
       1
       0
       1
       0
       0
       2
       0
       1
       0
       1
       1
       2
       1
       0
       0
       0
       1
       1
       0
       0
       0
       0
       0
       0
       0
       0
       0
       0
       0
       0
       0
       0
       0
       0
       0
       1
       2
       0
       0
       0
       1
       1
       0
       1
       1
       0
       0
       0
       0
       0
       1
       0
       2
       0
       1
       0
       1
       0
       0
       0
       0
       1
       2
       0
       0
       0
       0
       0
       0
       0
       0
       1
       1
       0
       0
       0
       0
       0
       0
       0
       1
       0
       0
       1
       0
       0
       1
       1
       1
       0
       0
       0
       0
       0
       0
       1
       1
       1
       1
       0
       0
       0
       0
       0
       0
       0
       0
       0
       0
       0
       1
       0
       0
       2
       1
       0
       0
       0
       0
       0
       1
       0
       1
       0
       1
       2
       0
       1
       0
       0
       0
       0
       0
       0
       0
       0
       0
       0
       0
       0
       0
       0
       0
       0
       0
       0
       1
       0
       0
       0
       0
       0
       0
       0
       1
       0
       0
       0
       0
       0
       0
       1
       0
       1
       0
       0
       1
       0
       1
       0
       0
       0
       0
       0
       1
       0
       0
       0
       0
       0
       0
       0
       0
       1
       0
       1
       0
       1
       0
       1
       0
       0
       0
       1
       1
       0
       0
       0
       0
       0
       0
       1
       0
       0
       1
       0
       0
       1
       0
       0
       0
       0
       0
       0
       0
       1
       0
       0
       0
       0
       0
       1
       0
       0
       0
       1
       0
       0
       0
       1
       1
       0
       1
       0
       0
       1
       0
       0
       0
       1
       0
       0
       1
       0
       0
       1
       0
       0
       0
       0
       0
       0
       0
       0
       0
       0
       0
       0
       0
       0
       1
       0
       0
       0
       0
       0
       0
       0
       0
       0
       0
       1
       0
       0
       1
       0
       2
       1
       1
       0
       1
       0
       0
       0
       0
       0
       0
       0
       0
       0
       0
       0
       0
       0
       1
       0
       0
       0
       0
       1
       0
       0
       0
       0
       0
       0
       0
       0
       0
       0
       0
       1
       0
       0
       0
       0
       2
       0
       0
       0
       0
       0
       0
       0
       0
       0
       0
       1
       0
       1
       0
       0
       1
       2
       0
       0
       0
       0
       0
       0
       1
       0
       2
       0
       2
       0
       0
       0
       0
       0
       1
       1
       0
       0
       0
       0
       0
       0
       1
       0
       0
       0
       1
       0
       0
       0
       0
       0
       0
       0
       0
       0
       0
       0
       0
       0
       0
       0
       0
       1
       0
       0
       0
       1
       0
       1
       0
       1
       0
       0
       0
       0
       0
       0
       0
       0
       0
       0
       0
       0
       0
       0
       0
       0
       0
       0
       0
       1
       1
       1
       0
       0
       0
       0
       0
       0
       0
       0
       0
       0
       0
       0
       0
       0
       0
       0
       2
       0
       1
       0
       1
       1
       0
       0
       0
       0
       1
       0
       0
       0
       0
       0
       0
       0
       0
       0
       0
       0
       0
       0
       0
       0
       0
       0
       0
       0
       0
       0
       0
       0
       0
       0
       0
       0
       0
       0
       0
       0
       0
       0
       0
       0
       0
       0
       0
       0
       0
       0
       1
       0
       0
       0
       0
       1
       0
       1
       0
       0
       0
       0
       1
       0
       0
       0
       0
       0
       0
       0
       0
       0
       0
       0
       0
       0
       0
       0
       0
       0
       0
       0
       0
       0
       1
       0
       0
       0
       0
       0
       0
       0
       0
       0
       0
       0
       0
       0
       0
       0
       0
       0
       0
       0
       0
       0
       0
       0
       0
       0
       0
       0
       0
       0
       0
       1
       0
       0
       0
       0
       0
       0
       0
       0
       0
       0
       1
       0
       0
       0
       0
       0
       0
       0
       0
       0
       1
       0
       0
       1
       0
       0
       0
       1
       0
       0
       0
       0
       0
       0
       0
       0
       0
       0
       0
       0
       0
       0
       0
       1
       0
       0
       0
       1
       0
       0
       1
       0
       0
       0
       1
       0
       0
       0
       0
       0
       0
       0
       0
       0
       0
       0
       0
       2
       1
       0
       0
       0
       0
       0
       0
       1
       0
       0
       0
       1
       0
       0
       0
       0
       0
       1
       0
       0
       1
       0
       0
       0
       0
       0
       1
       1
       1
       0
       1
       2
       1
       0
       1
       0
       0
       0
       0
       0
       0
       0
       0
       0
       0
       0
       0
       1
       0
       0
       0
       0
       0
       1
       0
       0
       0
       0
       0
       0
       0
       0
       0
       0
       0
       1
       0
       0
       0
       0
       0
       0
       0
       0
       0
       0
       0
       0
       0
       0
       0
       0
       0
       0
       0
       0
       0
       0
       0
       0
       0
       0
       0
       0
       0
       0
       0
       0
       0
       0
       0
       0
       0
       0
       0
       0
       0
       0
       0
       0
       0
       0
       0
       0
       0
       0
       0
       0
       0
       0
       1
       0
       1
       0
       0
       0
       0
       0
       0
       0
       0
       0
       0
       0
       0
       0
       0
       0
       0
       0
       0
       0
       0
       0
       0
       0
       0
       0
       0
       0
       0
       0
       0
       0
       0
       0
       0
       0
       0
       0
       0
       0
       0
       0
       0
       0
       0
       0
       0
       0
       0
       1
       0
       0
       0
       0
       0
       0
       0
       0
       0
       0
       0
       0
       0
       0
       0
       0
       0
       0
       0
       0
       0
       0
       1
       0
       0
       0
       0
       0
       0
       0
       0
       0
       0
       0
       0
       0
       0
       0
       0
       0
       0
       0
       0
       0
       0
       0
       0
       0
       0
       0
       0
       0
       0
       0
       0
       0
$ROI:
0
$PRESETS:
Real Time
300
0
$ENER_FIT:
0.000000 0.000000
$MCA_CAL:
3
0.000000E+000 0.000000E+000 0.000000E+000 
$SHAPE_CAL:
3
0.000000E+000 0.000000E+000 0.000000E+000
