$SPEC_ID:
No sample description was entered.
$SPEC_REM:
DET# 13001
DETDESC# TL-101B-04 Easy-MCA-2k SN 11350422
AP# Maestro Version 7.01
$DATE_MEA:
03/07/2024 17:51:18
$MEAS_TIM:
298 300
$DATA:
0 2047
       0
       0
       0
       0
       0
       0
       0
       0
       0
       0
       0
       0
       0
       0
       0
       0
       0
       0
       0
      42
     171
     258
     385
     432
     472
     383
     325
     274
     189
     146
      99
      77
      89
      79
      98
      96
     109
     112
     112
     109
     134
     117
     126
     124
     102
     136
     130
     142
     131
     129
     160
     141
     157
     158
     187
     218
     208
     222
     201
     210
     267
     284
     273
     270
     271
     279
     243
     250
     194
     221
     219
     186
     200
     184
     168
     198
     186
     212
     172
     190
     203
     209
     211
     196
     210
     229
     181
     210
     186
     208
     212
     189
     192
     204
     187
     203
     204
     202
     192
     180
     215
     206
     203
     183
     192
     209
     185
     191
     172
     210
     197
     213
     218
     173
     186
     182
     179
     223
     216
     200
     168
     185
     186
     172
     175
     195
     185
     187
     185
     158
     162
     187
     171
     160
     181
     185
     158
     188
     186
     148
     185
     179
     167
     210
     173
     169
     156
     157
     163
     156
     152
     162
     154
     146
     136
     173
     170
     156
     132
     131
     159
     116
     153
     151
     155
     159
     161
     136
     136
     162
     145
     148
     145
     136
     134
     129
     123
     140
     123
     121
     109
     121
     116
     104
     124
     132
     113
     100
      99
     120
     112
      91
     113
     123
     115
     106
     107
     112
     115
     109
     112
     139
     100
     104
     101
     100
      96
      93
     104
     114
     110
      86
      83
     113
     106
      94
     102
     121
      89
      95
     116
     108
      98
      89
      96
      97
      98
      90
     113
      96
      78
      79
      88
      89
      90
      94
      89
      75
      84
      76
      79
      85
      80
     103
      87
      89
      94
      94
      98
     105
     114
     112
     124
      91
     117
     105
      96
      93
     114
     117
      97
      82
     101
      94
      89
      87
     101
      97
      92
     101
     108
      76
      59
      65
      65
      63
      66
      63
      73
      58
      52
      58
      68
      56
      38
      52
      51
      39
      48
      51
      47
      49
      49
      48
      46
      44
      55
      43
      40
      37
      37
      42
      45
      52
      52
      47
      37
      32
      52
      41
      41
      43
      48
      46
      39
      46
      51
      40
      46
      41
      43
      42
      41
      39
      46
      52
      54
      35
      44
      38
      53
      46
      34
      41
      40
      40
      46
      38
      44
      48
      55
      56
      52
      37
      41
      55
      48
      47
      61
      49
      46
      52
      61
      69
      45
      63
      54
      67
      70
      68
      61
      70
      61
      58
      70
      66
      73
      84
      65
      68
      74
      65
      79
      55
      62
      54
      55
      64
      51
      55
      51
      66
      50
      57
      49
      56
      61
      45
      51
      42
      38
      41
      45
      40
      50
      33
      36
      44
      33
      38
      33
      40
      31
      38
      44
      36
      46
      28
      37
      40
      30
      27
      22
      23
      34
      24
      29
      34
      30
      32
      33
      34
      34
      32
      33
      32
      39
      23
      28
      24
      32
      30
      42
      40
      34
      25
      36
      33
      32
      28
      31
      38
      33
      38
      35
      27
      33
      26
      31
      32
      33
      34
      35
      26
      24
      33
      40
      33
      38
      32
      30
      31
      39
      37
      35
      49
      40
      33
      35
      38
      41
      31
      32
      28
      32
      35
      26
      26
      38
      33
      23
      31
      29
      24
      29
      27
      28
      28
      28
      26
      15
      22
      18
      19
      14
      15
      22
      10
      19
      16
      18
      19
      22
      15
      19
      10
       5
      22
      12
      12
      14
      12
      22
      13
      17
      12
      10
      10
      20
      17
      16
      16
      15
      24
      15
      19
      15
      19
      17
      11
      13
      16
      12
      10
      16
      18
      20
      11
      21
      17
      20
      19
      11
      23
      17
      18
      12
      19
      29
      28
      23
      28
      14
      16
      24
      28
      29
      25
      30
      26
      36
      34
      36
      50
      48
      33
      46
      48
      42
      58
      45
      51
      63
      68
      80
      71
      80
      90
      74
      79
      81
      97
      94
      78
      83
      90
      84
      87
      90
      85
      94
      88
      72
      85
      84
      62
      89
      85
      81
      96
      81
      67
      80
      68
      66
      64
      60
      67
      52
      49
      64
      50
      51
      35
      35
      40
      28
      31
      39
      35
      30
      22
      32
      22
      21
      22
      30
      16
      16
      25
      26
       9
      16
      15
      18
      16
      13
      19
      11
       8
      18
      12
      10
      12
      14
      13
       7
      18
       6
      11
       8
      11
      10
      12
      11
      10
       7
       6
       9
      14
      12
      10
      12
       7
       8
       7
      10
       5
      14
      12
      15
      10
       8
      10
       4
      14
      16
       5
      11
       7
       7
       9
      17
       7
      11
      11
       6
       8
       5
      10
       4
       8
      11
      13
       4
      10
       9
       9
       5
       8
      17
       9
       6
       7
       7
       8
       4
       9
       7
       6
       7
       6
       5
       4
       4
       7
       9
      16
       8
       6
       7
       5
       6
       4
       7
       9
       5
       8
       9
       8
      16
       6
       6
       8
      12
       8
       4
       7
       4
       6
       7
       6
       5
       5
       6
       4
       6
       4
       5
       5
       5
       2
       2
       4
       5
       5
       5
      10
       5
       3
       4
       4
      11
       5
       8
       4
       9
       7
       6
      12
       8
      12
       5
       7
      10
       6
       9
       4
       7
       7
       7
       9
       4
       6
      10
       5
       9
       9
       5
      15
       3
       7
       5
      10
       6
       6
      11
       7
       7
      11
      15
      12
      10
      11
      12
      15
      14
      14
      15
       9
      11
      22
      13
      15
      10
      10
      11
       8
      20
      17
      15
      10
      15
      10
      19
      18
      18
      15
      12
      11
      13
      17
      12
      13
      11
      11
      11
       7
      19
       7
      16
       5
      10
      11
      14
       4
       5
      11
       5
       5
       6
       8
      12
       6
       7
      11
       7
       6
       7
       5
       7
       7
      12
       6
       3
       7
      13
       8
       8
       7
      10
       7
       5
       8
       7
      14
      10
       8
       9
       3
       4
       8
       9
      14
       7
      10
       9
       7
       6
      10
       9
       9
       9
       8
       9
      14
      11
       6
       8
      11
       6
       6
       8
       7
      13
      14
       7
       8
      12
      11
      12
       8
      17
      10
      12
      11
      15
      10
      11
      15
      21
       7
       7
       9
      17
      16
      15
       7
      15
      12
      11
      16
      12
      11
      12
      12
       8
       8
       8
       8
      11
       9
      10
      10
      10
       6
      13
       7
       6
      10
       4
       8
       4
       8
       7
       2
       6
       6
       9
       5
      10
       2
       3
       1
       5
       5
       3
       5
       5
       4
       2
       3
       3
       4
       3
       3
       2
       2
       3
       2
       4
       2
       3
       3
       3
       1
       3
       3
       3
       0
       3
       2
       3
       1
       3
       5
       6
       5
       1
       3
       4
       3
       2
       5
       2
       4
       9
       5
       3
       2
       9
       1
       2
       1
       5
       9
       2
       2
       2
       1
       1
       1
       3
       4
       2
       3
       4
       2
       5
       5
       3
       1
       4
       5
       1
       1
       3
       4
       2
       3
       0
       2
       1
       0
       2
       3
       4
       3
       1
       2
       1
       1
       0
       0
       0
       3
       0
       1
       0
       2
       0
       1
       1
       0
       1
       2
       1
       0
       0
       0
       1
       0
       3
       1
       2
       1
       1
       1
       0
       0
       1
       0
       0
       0
       1
       0
       0
       0
       0
       1
       0
       1
       1
       1
       0
       1
       0
       0
       0
       0
       0
       1
       2
       2
       0
       0
       0
       0
       0
       0
       0
       1
       0
       0
       0
       1
       0
       0
       2
       0
       0
       0
       0
       1
       1
       0
       1
       1
       1
       0
       1
       1
       0
       0
       1
       0
       0
       0
       1
       0
       0
       0
       0
       0
       1
       0
       0
       1
       0
       0
       0
       0
       2
       1
       0
       2
       0
       0
       0
       0
       1
       0
       0
       1
       0
       0
       0
       0
       0
       0
       0
       0
       2
       0
       0
       0
       0
       0
       1
       0
       1
       0
       1
       0
       0
       0
       0
       0
       1
       0
       0
       0
       0
       0
       2
       1
       3
       0
       0
       2
       0
       0
       2
       0
       1
       0
       1
       0
       0
       1
       2
       0
       0
       0
       0
       2
       0
       0
       1
       2
       0
       0
       0
       0
       0
       0
       1
       0
       2
       0
       1
       0
       1
       1
       0
       1
       1
       0
       0
       1
       0
       0
       1
       0
       1
       1
       0
       1
       0
       3
       1
       0
       0
       0
       0
       0
       1
       0
       1
       0
       1
       2
       0
       0
       0
       0
       0
       1
       0
       0
       1
       0
       1
       0
       1
       0
       0
       0
       0
       0
       0
       1
       0
       0
       0
       0
       0
       0
       0
       0
       0
       0
       0
       0
       0
       0
       1
       0
       0
       0
       1
       0
       0
       1
       0
       0
       0
       0
       2
       0
       0
       0
       0
       0
       0
       0
       0
       0
       0
       1
       0
       1
       0
       1
       1
       1
       0
       1
       0
       0
       0
       0
       0
       1
       0
       0
       0
       0
       0
       0
       0
       0
       0
       1
       0
       0
       1
       0
       1
       0
       0
       0
       0
       0
       1
       0
       2
       0
       0
       1
       0
       0
       0
       0
       0
       1
       0
       0
       0
       0
       0
       0
       0
       0
       1
       0
       0
       0
       0
       0
       0
       0
       0
       0
       0
       0
       2
       0
       0
       0
       0
       0
       2
       0
       0
       0
       0
       0
       1
       0
       0
       0
       0
       0
       0
       0
       1
       0
       0
       0
       0
       1
       0
       0
       0
       0
       0
       0
       0
       0
       0
       0
       0
       0
       2
       0
       0
       0
       0
       0
       0
       0
       0
       0
       1
       1
       1
       0
       0
       0
       0
       0
       0
       0
       0
       0
       0
       0
       0
       0
       0
       1
       0
       1
       1
       0
       0
       2
       0
       1
       1
       1
       0
       0
       1
       0
       0
       1
       1
       0
       0
       1
       0
       0
       0
       0
       0
       0
       1
       0
       0
       1
       2
       0
       1
       0
       0
       1
       0
       1
       0
       0
       0
       0
       0
       1
       1
       0
       0
       1
       0
       0
       0
       0
       0
       0
       0
       0
       1
       0
       0
       0
       0
       1
       0
       0
       3
       0
       0
       1
       0
       0
       0
       0
       0
       0
       0
       0
       0
       0
       1
       0
       0
       0
       1
       0
       0
       1
       0
       0
       0
       0
       0
       0
       0
       0
       0
       0
       0
       0
       1
       0
       0
       0
       0
       0
       1
       1
       0
       2
       1
       1
       0
       0
       0
       0
       0
       1
       0
       0
       0
       0
       0
       0
       1
       0
       0
       0
       0
       1
       0
       0
       0
       0
       0
       0
       0
       1
       0
       0
       0
       0
       0
       0
       1
       0
       0
       0
       0
       1
       0
       0
       0
       0
       0
       0
       0
       0
       1
       0
       1
       0
       0
       0
       1
       0
       0
       0
       0
       0
       0
       0
       0
       0
       1
       0
       0
       0
       0
       0
       1
       0
       0
       0
       0
       1
       0
       0
       0
       0
       0
       0
       0
       0
       0
       0
       0
       0
       0
       0
       0
       0
       0
       0
       0
       0
       0
       0
       0
       0
       0
       0
       0
       0
       0
       0
       0
       1
       0
       0
       0
       0
       0
       0
       0
       1
       0
       0
       0
       0
       1
       0
       0
       0
       0
       0
       0
       0
       0
       0
       0
       0
       0
       0
       0
       0
       0
       0
       0
       0
       0
       0
       1
       0
       0
       0
       0
       0
       0
       0
       0
       0
       0
       0
       0
       0
       0
       0
       0
       0
       0
       1
       0
       1
       0
       0
       0
       3
       0
       0
       0
       0
       1
       0
       0
       0
       0
       0
       0
       0
       0
       0
       1
       0
       1
       0
       0
       0
       0
       0
       0
       0
       0
       0
       1
       0
       0
       0
       0
       0
       0
       0
       0
       0
       0
       0
       0
       0
       0
       0
       0
       0
       1
       0
       1
       0
       0
       0
       0
       0
       0
       1
       1
       0
       0
       0
       0
       0
       0
       0
       0
       0
       2
       0
       1
       0
       0
       0
       0
       1
       0
       1
       0
       0
       0
       3
       1
       0
       0
       0
       0
       0
       0
       0
       0
       1
       0
       0
       1
       0
       0
       0
       0
       0
       0
       0
       1
       0
       0
       1
       2
       0
       0
       0
       1
       1
       0
       0
       0
       1
       0
       0
       0
       0
       0
       0
       0
       0
       0
       0
       0
       0
       0
       0
       0
       0
       1
       0
       0
       0
       0
       0
       0
       0
       0
       0
       0
       0
       0
       0
       0
       0
       0
       0
       0
       0
       0
       1
       0
       0
       0
       0
       1
       0
       0
       0
       0
       0
       0
       0
       0
       0
       0
       0
       0
       0
       0
       0
       0
       0
       0
       0
       0
       1
       0
       0
       0
       0
       0
       0
       1
       0
       0
       0
       0
       0
       0
       0
       0
       0
       0
       0
       0
       0
       0
       0
       0
       0
       0
       0
       0
       0
       0
       0
       0
       0
       0
       0
       0
       0
       0
       0
       0
       0
       0
       0
       0
       0
       0
       0
       0
       0
       0
       0
       0
       0
       0
       0
       0
       0
       0
       0
       0
       0
       0
       0
       0
       0
       0
       0
       0
       0
       0
       0
       0
       0
       0
       0
       0
       0
       0
       0
       0
       1
       0
       0
       0
       0
       0
       0
       0
       0
       0
       0
       0
       0
       0
       0
       0
       0
       0
       0
       0
       0
       0
       0
       0
       0
       0
       0
       0
       0
       0
       0
       0
       0
       0
       0
       0
       0
       0
       0
       0
       0
       0
       0
       0
       0
       0
       0
       0
       0
       0
       0
       0
       0
       0
       0
       0
       0
       0
       0
       0
       0
       0
       0
       0
       0
$ROI:
0
$PRESETS:
Real Time
300
0
$ENER_FIT:
0.000000 0.000000
$MCA_CAL:
3
0.000000E+000 0.000000E+000 0.000000E+000 
$SHAPE_CAL:
3
0.000000E+000 0.000000E+000 0.000000E+000
