$SPEC_ID:
No sample description was entered.
$SPEC_REM:
DET# 13001
DETDESC# TL-101B-04 Easy-MCA-2k SN 11350422
AP# Maestro Version 7.01
$DATE_MEA:
03/07/2024 17:45:08
$MEAS_TIM:
245 300
$DATA:
0 2047
       0
       0
       0
       0
       0
       0
       0
       0
       0
       0
       0
       0
       0
       0
       0
       0
       0
       0
       0
     441
    1522
    1684
    1744
    1998
    2014
    1993
    1975
    1835
    1699
    1679
    1582
    1557
    1600
    1524
    1525
    1553
    1525
    1443
    1514
    1491
    1491
    1490
    1531
    1495
    1530
    1538
    1538
    1453
    1521
    1499
    1425
    1484
    1469
    1532
    1523
    1528
    1614
    1554
    1533
    1604
    1586
    1578
    1668
    1642
    1713
    1664
    1670
    1740
    1690
    1621
    1723
    1614
    1593
    1562
    1677
    1628
    1555
    1600
    1669
    1661
    1629
    1618
    1665
    1649
    1734
    1666
    1602
    1738
    1672
    1683
    1745
    1766
    1752
    1857
    1744
    1743
    1724
    1760
    1787
    1759
    1756
    1858
    1872
    1801
    1816
    1779
    1863
    1863
    1914
    1885
    1809
    1913
    1874
    1926
    1923
    1860
    1988
    1906
    1953
    1988
    2006
    1986
    2054
    2057
    2077
    1998
    2132
    2185
    2262
    2290
    2270
    2412
    2460
    2389
    2517
    2521
    2554
    2558
    2605
    2546
    2622
    2621
    2551
    2571
    2608
    2563
    2540
    2580
    2521
    2589
    2581
    2442
    2461
    2545
    2482
    2504
    2350
    2426
    2420
    2361
    2373
    2295
    2324
    2343
    2324
    2265
    2212
    2278
    2342
    2197
    2282
    2253
    2217
    2180
    2136
    2145
    2130
    2141
    2041
    1998
    2091
    2084
    2099
    2043
    1944
    1964
    2019
    2022
    1927
    1942
    1906
    1913
    1843
    1811
    1803
    1788
    1756
    1805
    1822
    1714
    1768
    1704
    1699
    1720
    1732
    1739
    1713
    1718
    1643
    1688
    1696
    1664
    1617
    1688
    1606
    1553
    1697
    1559
    1577
    1646
    1552
    1568
    1538
    1574
    1534
    1568
    1531
    1503
    1493
    1509
    1428
    1493
    1539
    1386
    1459
    1408
    1401
    1370
    1399
    1379
    1401
    1326
    1274
    1263
    1285
    1296
    1284
    1177
    1227
    1133
    1146
    1125
    1099
    1111
    1049
    1132
    1027
    1063
    1019
     954
     940
     892
     887
     930
     903
     827
     853
     846
     787
     847
     778
     759
     778
     749
     744
     717
     713
     706
     657
     641
     654
     635
     632
     657
     660
     620
     642
     605
     628
     570
     543
     524
     566
     560
     583
     534
     555
     526
     569
     565
     527
     546
     549
     529
     555
     494
     482
     508
     529
     501
     480
     505
     561
     555
     522
     580
     523
     516
     557
     557
     574
     518
     556
     598
     597
     564
     560
     612
     609
     631
     669
     688
     683
     752
     696
     722
     735
     848
     853
     883
     934
     931
    1027
    1093
    1224
    1249
    1311
    1462
    1564
    1720
    1891
    2044
    2171
    2547
    2610
    2820
    3139
    3225
    3538
    3927
    4110
    4492
    4644
    5094
    5273
    5614
    5855
    6117
    6403
    6698
    6957
    7236
    7219
    7394
    7464
    7704
    7566
    7743
    7743
    7596
    7478
    7472
    7209
    6924
    6844
    6560
    6093
    6058
    5523
    5374
    5059
    4722
    4421
    4091
    3721
    3435
    3151
    2868
    2671
    2497
    2208
    1951
    1715
    1669
    1452
    1321
    1170
    1044
     963
     843
     778
     711
     697
     563
     544
     494
     520
     475
     432
     422
     378
     399
     428
     359
     358
     348
     351
     351
     343
     377
     312
     342
     363
     347
     360
     339
     308
     337
     349
     340
     308
     338
     374
     323
     318
     311
     376
     315
     329
     348
     286
     333
     357
     372
     373
     351
     348
     398
     346
     387
     342
     324
     362
     431
     356
     363
     365
     379
     395
     410
     368
     364
     370
     380
     387
     465
     382
     404
     436
     392
     389
     432
     423
     441
     434
     438
     403
     434
     451
     434
     436
     463
     410
     485
     487
     450
     491
     462
     449
     494
     457
     485
     496
     476
     481
     508
     487
     445
     495
     450
     451
     496
     510
     497
     473
     468
     513
     481
     514
     495
     451
     479
     473
     466
     460
     457
     485
     447
     462
     457
     454
     463
     444
     438
     418
     448
     443
     421
     410
     386
     382
     460
     417
     422
     395
     393
     403
     393
     380
     396
     385
     368
     366
     388
     392
     376
     376
     361
     397
     334
     373
     357
     347
     356
     343
     365
     357
     365
     360
     366
     325
     337
     364
     355
     299
     332
     302
     327
     333
     340
     337
     349
     311
     287
     334
     330
     320
     293
     304
     289
     289
     309
     307
     321
     310
     316
     285
     294
     310
     321
     300
     317
     291
     269
     286
     300
     321
     283
     301
     281
     292
     273
     309
     316
     289
     304
     288
     293
     308
     285
     315
     277
     279
     321
     307
     307
     281
     288
     272
     276
     264
     318
     252
     254
     281
     288
     271
     313
     267
     283
     309
     297
     281
     300
     280
     296
     254
     310
     294
     275
     285
     279
     263
     286
     318
     256
     313
     298
     304
     279
     291
     303
     281
     268
     318
     287
     301
     278
     296
     279
     314
     310
     287
     293
     293
     307
     300
     280
     292
     296
     296
     286
     285
     307
     323
     319
     312
     296
     316
     293
     303
     275
     313
     293
     281
     299
     320
     287
     311
     306
     291
     302
     310
     305
     268
     309
     299
     261
     318
     292
     263
     300
     281
     279
     287
     305
     304
     270
     294
     273
     264
     295
     314
     303
     303
     289
     274
     295
     285
     274
     238
     278
     283
     274
     290
     280
     303
     244
     286
     264
     240
     275
     276
     227
     246
     252
     224
     242
     257
     229
     249
     217
     209
     251
     225
     227
     226
     208
     217
     194
     159
     195
     209
     211
     191
     225
     182
     194
     182
     180
     201
     222
     180
     182
     178
     212
     178
     186
     181
     154
     171
     152
     174
     161
     163
     173
     153
     147
     154
     164
     147
     143
     141
     135
     147
     146
     148
     147
     141
     154
     142
     115
     132
     144
     143
     154
     145
     124
     135
     142
     126
     135
     146
     126
     131
     124
     126
     134
     127
     137
     142
     124
     161
     127
     120
     133
     126
     145
     143
     146
     133
     136
     132
     148
     154
     151
     138
     147
     141
     144
     165
     142
     137
     151
     147
     146
     143
     154
     140
     135
     142
     168
     171
     172
     200
     141
     179
     205
     213
     219
     221
     217
     216
     232
     238
     240
     260
     255
     270
     283
     300
     313
     340
     313
     347
     364
     361
     390
     416
     397
     443
     466
     457
     494
     513
     525
     562
     536
     571
     587
     637
     599
     647
     641
     644
     710
     695
     687
     710
     702
     720
     720
     700
     738
     773
     760
     718
     784
     803
     798
     733
     785
     736
     719
     721
     669
     692
     704
     724
     689
     685
     658
     682
     602
     662
     613
     617
     565
     540
     555
     503
     536
     533
     475
     467
     449
     461
     415
     413
     440
     393
     382
     339
     346
     362
     345
     289
     314
     287
     277
     260
     268
     259
     255
     240
     277
     214
     203
     200
     198
     174
     178
     169
     188
     173
     168
     174
     163
     143
     116
     141
     114
     157
     121
     108
     140
      90
     118
     109
     123
     127
     131
     107
     118
     105
     104
     117
     108
     126
     109
     113
     112
     120
     107
     105
     106
     108
     130
     121
     105
     113
     123
     104
     101
     106
      98
     105
     124
     128
     113
     118
     115
     112
     121
     109
     121
     141
     135
      98
     119
     105
     111
      91
     127
     110
     135
     109
     122
     121
     114
     134
     122
     133
      96
     123
     122
     133
     126
     111
      94
     119
     117
     107
     126
     130
     126
     149
     119
     111
     111
     118
     127
     121
     103
     116
     110
     112
     115
     118
     110
      99
     122
     119
     127
     130
     103
     122
     109
     104
     121
      92
     125
     111
     116
     119
     126
     100
     112
     113
      96
     118
     103
      93
     120
     110
     119
     118
     106
     114
      95
     111
     101
     117
     104
     107
      97
     110
     100
     111
      98
      91
     103
      84
     104
      93
      94
      98
     111
      78
     102
      87
      97
     108
      92
      78
      76
      77
      81
      64
      64
     101
      86
      81
      91
      81
      74
      68
      81
      67
     101
      78
      80
      75
      52
      64
      72
      62
      58
      59
      61
      48
      65
      48
      72
      59
      61
      45
      41
      50
      47
      57
      63
      57
      46
      45
      58
      47
      46
      41
      43
      51
      45
      31
      51
      40
      33
      50
      41
      51
      35
      31
      53
      40
      32
      32
      45
      38
      28
      40
      29
      40
      32
      37
      46
      28
      32
      34
      37
      30
      36
      30
      28
      29
      28
      30
      21
      38
      30
      34
      31
      31
      35
      46
      20
      31
      27
      37
      22
      31
      31
      30
      40
      30
      30
      38
      32
      25
      28
      33
      32
      42
      35
      27
      34
      34
      38
      45
      36
      45
      46
      46
      50
      47
      45
      55
      49
      61
      51
      61
      55
      57
      48
      62
      62
      66
      61
      68
      62
      76
      83
      77
      82
      73
      79
      75
      91
      82
      97
     111
      90
     118
     108
     116
     107
     131
     117
     128
     108
     129
     125
     143
     125
     144
     120
     130
     134
     123
     120
     134
     135
     128
     148
     134
     128
     138
     138
     115
     141
     129
     110
     135
     155
     113
     122
     124
     124
     118
     123
     108
     125
     104
     118
     106
     128
     113
     104
      81
     101
      96
     103
      77
      97
      75
      79
      70
      70
      77
      84
      64
      56
      60
      59
      59
      64
      52
      50
      43
      37
      33
      43
      28
      46
      36
      25
      36
      28
      33
      24
      19
      24
      14
      25
      32
      18
      13
      11
      19
      13
      15
      15
      25
      10
      11
      14
      13
      11
      12
       6
       5
      11
      16
       6
      10
       8
       9
       6
       9
       6
       5
       9
       9
      10
       4
       3
      10
       7
       5
       6
       5
       5
       6
       6
       5
       4
       6
      10
       5
       4
      14
       5
       8
      12
       5
       8
       7
       6
       6
       8
       4
       9
       5
      10
       4
       4
       4
       6
       5
       5
       6
       9
      13
       4
      10
       4
       8
       9
       5
       8
      16
       8
       6
       6
      21
       6
       5
       6
       3
       4
       7
       6
       3
       6
      11
       3
       9
      10
       7
       8
       3
       4
       6
       6
       6
       3
       5
       6
       3
       2
       3
       6
       2
       8
       6
       3
       6
       5
       2
      11
       5
       1
       6
       4
       0
       5
       3
       2
       3
       6
      12
       4
       4
       4
       2
       5
       2
       5
       2
       5
       4
       2
       3
       0
       6
       3
       5
       5
       1
       3
       5
       5
       0
       4
       2
       1
       2
       1
       3
       4
       0
       1
       1
       1
       3
       6
       1
       3
       0
       1
       2
       4
       3
       2
       2
       0
       0
       0
       0
       2
       0
       2
       3
       4
       0
       1
       1
       0
       2
       4
       1
       3
       1
       2
       2
       0
       0
       2
       1
       2
       1
       0
       0
       2
       1
       0
       2
       1
       0
       2
       2
       2
       2
       2
       1
       1
       1
       3
       4
       1
       0
       2
       2
       1
       1
       0
       0
       1
       2
       2
       1
       0
       2
       1
       3
       1
       1
       2
       2
       0
       0
       1
       1
       2
       0
       1
       0
       1
       2
       1
       3
       1
       0
       1
       0
       2
       0
       2
       1
       1
       0
       1
       1
       1
       1
       0
       1
       1
       1
       0
       1
       0
       3
       3
       1
       2
       2
       1
       1
       1
       2
       0
       1
       2
       2
       0
       1
       0
       2
       1
       1
       1
       3
       2
       0
       1
       2
       1
       1
       2
       0
       0
       2
       0
       0
       1
       1
       0
       2
       1
       0
       1
       1
       0
       1
       1
       1
       2
       2
       1
       0
       0
       0
       2
       2
       0
       0
       0
       0
       1
       0
       1
       2
       0
       0
       1
       3
       2
       0
       2
       2
       2
       2
       0
       2
       1
       0
       0
       0
       2
       1
       0
       0
       1
       0
       0
       0
       1
       1
       0
       1
       0
       0
       0
       1
       1
       0
       1
       0
       0
       1
       0
       0
       1
       0
       0
       2
       0
       1
       2
       0
       2
       1
       0
       1
       1
       0
       0
       1
       0
       1
       0
       0
       1
       0
       1
       2
       0
       0
       0
       1
       0
       1
       2
       0
       1
       0
       0
       1
       1
       1
       0
       1
       0
       0
       1
       0
       0
       1
       1
       1
       0
       1
       0
       0
       1
       1
       0
       0
       2
       0
       0
       1
       1
       1
       3
       0
       0
       0
       1
       1
       0
       1
       1
       0
       1
       0
       1
       0
       1
       0
       0
       0
       1
       0
       0
       3
       0
       0
       0
       0
       0
       0
       3
       0
       0
       0
       0
       3
       1
       0
       1
       0
       1
       0
       2
       0
       0
       0
       0
       0
       0
       1
       0
       1
       0
       1
       1
       0
       0
       1
       0
       0
       0
       0
       0
       0
       0
       0
       0
       2
       1
       0
       2
       1
       1
       1
       1
       1
       0
       0
       0
       0
       0
       0
       0
       0
       0
       1
       0
       1
       0
       0
       0
       0
       0
       0
       0
       0
       0
       0
       1
       0
       0
       0
       0
       0
       1
       1
       0
       0
       0
       0
       0
       0
       0
       0
       0
       0
       0
       0
       1
       1
       1
       0
       1
       0
       0
       1
       0
       0
       0
       1
       0
       0
       0
       1
       2
       1
       0
       0
       0
       1
       0
       0
       1
       0
       1
       0
       0
       0
       0
       0
       0
       1
       0
       0
       1
       1
       2
       0
       1
       0
       0
       0
       0
       2
       0
       0
       0
       0
       0
       0
       1
       0
       1
       1
       0
       0
       0
       0
       0
       0
       0
       0
       0
       0
       1
       1
       0
       1
       0
       0
       0
       0
       0
       0
       0
       0
       1
       0
       1
       0
       0
       0
       0
       0
       0
       1
       0
       1
       0
       0
       0
       0
       3
       1
       0
       1
       0
       0
       0
       0
       0
       0
       0
       1
       0
       0
       0
       0
       0
       0
       0
       0
       0
       0
       1
       1
       0
       0
       0
       0
       0
       1
       0
       0
       0
       0
       0
       0
       0
       0
       0
       0
       0
       0
       0
       0
       0
       0
       0
       0
       0
       0
       0
       0
       0
       0
       0
       0
       0
       0
       0
       0
       0
       0
       0
       0
       0
$ROI:
0
$PRESETS:
Real Time
300
0
$ENER_FIT:
0.000000 0.000000
$MCA_CAL:
3
0.000000E+000 0.000000E+000 0.000000E+000 
$SHAPE_CAL:
3
0.000000E+000 0.000000E+000 0.000000E+000
