$SPEC_ID:
No sample description was entered.
$SPEC_REM:
DET# 13001
DETDESC# TL-101B-04 Easy-MCA-2k SN 11350422
AP# Maestro Version 7.01
$DATE_MEA:
03/07/2024 20:18:13
$MEAS_TIM:
276 300
$DATA:
0 2047
       0
       0
       0
       0
       0
       0
       0
       0
       0
       0
       0
       0
       0
       0
       0
       0
       0
       0
       2
     554
    2214
    3135
    4568
    6481
    8385
    9419
    9420
    8202
    6453
    4922
    3737
    3092
    2432
    2084
    1863
    1661
    1596
    1442
    1424
    1357
    1179
    1146
    1123
     998
     974
    1065
    1047
    1043
    1000
    1031
    1081
     997
    1035
    1066
    1036
    1064
     992
    1039
    1057
    1000
    1119
    1046
    1090
    1029
    1070
    1044
    1087
    1018
    1065
    1058
    1111
    1080
    1105
    1112
    1110
    1109
    1151
    1123
    1109
    1150
    1144
    1169
    1201
    1184
    1154
    1224
    1140
    1223
    1171
    1177
    1170
    1181
    1185
    1277
    1297
    1250
    1199
    1220
    1193
    1322
    1282
    1312
    1272
    1347
    1414
    1346
    1324
    1276
    1344
    1296
    1356
    1394
    1344
    1309
    1359
    1318
    1395
    1361
    1324
    1353
    1390
    1355
    1429
    1506
    1504
    1452
    1488
    1504
    1540
    1541
    1595
    1671
    1672
    1722
    1753
    1838
    1908
    1986
    1925
    1978
    1944
    2041
    2116
    2094
    2067
    2090
    2119
    2196
    2074
    1988
    1972
    2010
    2027
    1933
    1997
    1969
    1894
    1846
    1873
    1835
    1815
    1869
    1722
    1752
    1675
    1696
    1640
    1635
    1514
    1636
    1612
    1503
    1583
    1498
    1510
    1460
    1442
    1492
    1465
    1346
    1373
    1351
    1439
    1356
    1373
    1308
    1336
    1258
    1262
    1280
    1260
    1246
    1200
    1215
    1205
    1214
    1166
    1081
    1126
    1148
    1135
    1159
    1083
    1111
    1108
    1058
    1062
    1040
    1008
    1073
    1038
    1026
     944
     990
     950
     975
     944
     937
    1007
     983
     943
     982
     878
     972
     928
     968
     967
     920
     889
     897
     907
     905
     897
     860
     896
     930
     888
     870
     836
     860
     877
     819
     800
     865
     887
     876
     802
     906
     791
     802
     815
     838
     825
     814
     804
     813
     838
     832
     789
     814
     810
     771
     847
     826
     842
     754
     744
     820
     790
     816
     760
     806
     760
     814
     801
     779
     790
     763
     759
     788
     811
     805
     705
     799
     820
     735
     759
     813
     816
     829
     790
     768
     772
     820
     724
     787
     751
     818
     761
     693
     728
     823
     778
     749
     754
     796
     764
     738
     769
     724
     718
     744
     784
     765
     771
     758
     734
     751
     699
     728
     722
     713
     679
     639
     642
     629
     678
     696
     632
     608
     597
     609
     555
     570
     549
     501
     534
     485
     494
     455
     507
     449
     402
     443
     401
     364
     371
     345
     327
     322
     309
     282
     273
     260
     271
     282
     245
     242
     212
     212
     204
     209
     226
     222
     202
     191
     181
     182
     168
     173
     164
     146
     134
     135
     130
     133
     156
     160
     125
     152
     135
     137
     118
     120
     133
     140
     124
     141
     119
     114
     104
     117
     123
     142
     121
     136
     136
     129
     135
     135
     138
     146
     141
     152
     161
     154
     160
     155
     158
     150
     149
     172
     158
     173
     178
     214
     195
     190
     223
     236
     255
     247
     253
     268
     286
     297
     335
     386
     369
     387
     421
     462
     496
     533
     604
     656
     685
     763
     875
     831
     947
    1076
    1200
    1286
    1352
    1440
    1657
    1731
    1892
    2009
    2229
    2385
    2565
    2687
    2892
    2996
    3254
    3259
    3510
    3723
    3921
    3965
    4049
    4298
    4265
    4362
    4386
    4434
    4568
    4667
    4556
    4580
    4545
    4587
    4564
    4276
    4335
    4058
    3954
    3869
    3662
    3548
    3417
    3183
    2986
    2810
    2588
    2573
    2293
    2120
    1899
    1878
    1664
    1500
    1365
    1242
    1167
    1048
     936
     761
     751
     607
     609
     509
     432
     399
     363
     273
     247
     215
     219
     163
     138
     109
     104
      80
      81
      62
      52
      44
      42
      39
      35
      24
      25
      27
      22
      29
      17
      19
      18
      16
      11
      19
      13
      19
      16
      14
      15
      18
      18
      12
      12
      17
      16
      15
      10
      14
      12
      11
      13
      12
      18
      22
      16
      18
      20
      17
      16
      20
      14
      11
      13
      18
      16
      17
      10
      17
      11
      18
      10
      12
      15
      14
      11
      20
      18
      11
      16
      14
       8
      17
      16
      12
      15
       5
      14
      15
      16
      16
       8
      15
      10
      14
      14
      16
      15
      11
      22
      16
      15
      11
      18
      18
      14
      13
      15
      14
      12
      15
       9
      11
       9
      11
      10
      11
       8
      11
       9
      10
      12
       9
       9
      10
       8
       9
      11
       6
       7
      18
      11
      12
      12
      14
       7
      14
      12
       8
       8
      12
       8
       8
       9
      11
      10
      12
      10
       6
       7
       2
       6
      10
      12
      12
       9
      12
       9
       7
       9
       7
      11
       9
       5
       5
       5
       6
       9
       6
      12
      15
       9
      11
       8
       7
       7
       7
       9
       8
       2
       7
       7
       7
       5
      10
       7
       9
       6
       8
       5
      13
       8
       6
       4
      11
       3
       4
       8
      11
       6
       5
       7
      13
       7
       3
       4
       7
       5
       7
       2
       9
       4
      10
       5
      13
       6
      11
       6
       3
       4
       3
       7
       6
       9
       5
       5
      10
       5
       1
       4
       7
       7
       9
       5
       6
       2
       8
       6
       6
       6
       6
       9
      10
       9
       5
      11
       5
       7
       3
       7
       5
       4
       6
       3
       7
       7
       9
       7
       8
       7
       4
       6
      12
      14
      11
       7
       8
       4
      10
       8
       8
       5
       5
       6
       6
      17
       8
      11
       8
       6
       9
       5
       1
      10
       8
       7
       6
      15
       8
      11
      16
       9
       7
       2
       9
       6
       6
       4
       8
      10
       5
       5
       7
       7
       6
      11
       3
       4
       4
       9
       1
       4
       5
       4
       2
       4
       7
       9
       8
       5
       5
       6
       3
       7
       6
       2
       5
       5
       3
       5
       3
       5
       2
       4
       4
       3
       2
       2
       3
       1
       5
       3
       3
       2
       2
       7
       2
       2
       1
       5
       4
       5
       2
       2
       3
       2
       2
       4
       3
       3
       6
       2
       2
       4
       2
       1
       3
       6
       2
       3
       2
       2
       0
       3
       5
       4
      11
       4
       1
       6
       8
       2
       2
       5
       1
       5
       4
       2
       3
       7
       1
       4
       5
       4
       4
       4
       3
       1
       4
       4
       4
       7
       3
       7
       4
       5
       1
       4
       5
       6
       2
       4
       3
       4
      10
       3
       3
       2
       1
       4
       2
       0
       3
       3
       7
       8
       4
       3
       3
       7
       3
       5
       5
       3
       3
       3
       3
       1
       1
       2
       4
       2
       3
       5
       3
       4
       1
       2
       5
       4
       1
       5
       5
       3
       3
       3
       1
       2
       1
       2
       4
       2
       0
       1
       2
       1
       4
       0
       4
       1
       3
       1
       0
       1
       2
       4
       3
       6
       1
       1
       3
       2
       3
       2
       2
       2
       1
       2
       0
       2
       3
       3
       3
       3
       1
       6
       5
       0
       2
       3
       3
       5
       7
       5
       2
       5
       3
       3
       2
       2
       5
       3
       3
       0
       0
       4
       0
       2
       3
       3
       4
       4
       6
       7
       1
       1
       0
       2
       2
       4
       3
       2
       1
       2
       3
       1
       2
       3
       5
       1
       0
       0
       0
       3
       1
       3
       1
       3
       2
       1
       0
       2
       5
       0
       0
       0
       2
       3
       1
       1
       0
       0
       1
       0
       2
       1
       1
       1
       0
       0
       0
       1
       1
       0
       0
       0
       0
       1
       1
       0
       0
       0
       0
       0
       1
       0
       1
       0
       0
       0
       0
       2
       2
       0
       0
       0
       0
       0
       0
       0
       1
       1
       0
       2
       0
       0
       1
       1
       0
       1
       0
       0
       0
       0
       0
       0
       1
       0
       0
       1
       1
       1
       0
       0
       0
       0
       0
       1
       0
       2
       1
       0
       0
       0
       0
       0
       0
       1
       0
       2
       1
       0
       0
       1
       0
       0
       0
       2
       0
       1
       0
       0
       1
       0
       0
       1
       0
       1
       0
       0
       0
       1
       0
       0
       1
       1
       1
       0
       1
       0
       0
       0
       0
       1
       1
       1
       0
       1
       0
       1
       1
       1
       1
       1
       1
       1
       0
       1
       0
       0
       1
       0
       0
       2
       2
       0
       0
       0
       0
       0
       1
       2
       0
       1
       1
       1
       0
       0
       0
       0
       0
       0
       0
       1
       1
       1
       2
       0
       0
       0
       0
       0
       1
       0
       0
       0
       0
       1
       0
       0
       0
       0
       0
       1
       0
       0
       0
       1
       2
       0
       0
       0
       0
       0
       0
       0
       0
       0
       0
       0
       0
       0
       1
       0
       1
       2
       1
       0
       2
       1
       0
       0
       0
       0
       1
       0
       0
       0
       1
       0
       0
       0
       0
       1
       0
       0
       0
       0
       0
       0
       0
       0
       0
       0
       0
       0
       0
       0
       0
       0
       0
       1
       0
       0
       0
       0
       0
       0
       0
       0
       0
       0
       0
       0
       0
       0
       0
       0
       0
       0
       0
       0
       0
       0
       1
       0
       0
       0
       2
       0
       0
       0
       0
       0
       0
       0
       0
       0
       1
       0
       1
       1
       0
       1
       0
       0
       2
       1
       0
       1
       0
       1
       0
       0
       0
       0
       0
       0
       0
       0
       1
       0
       0
       0
       0
       1
       2
       0
       0
       0
       0
       0
       0
       1
       0
       0
       0
       0
       0
       0
       0
       0
       0
       0
       0
       1
       0
       0
       0
       0
       0
       0
       0
       1
       0
       0
       0
       1
       0
       0
       2
       0
       0
       0
       0
       0
       0
       1
       0
       1
       0
       0
       0
       0
       0
       0
       0
       0
       0
       0
       0
       0
       0
       0
       0
       0
       0
       0
       0
       1
       0
       1
       1
       1
       1
       0
       0
       1
       1
       0
       0
       1
       0
       0
       0
       0
       2
       1
       0
       1
       1
       0
       0
       1
       0
       0
       0
       2
       0
       0
       1
       0
       0
       1
       0
       0
       0
       0
       1
       0
       1
       0
       0
       1
       0
       3
       0
       0
       0
       0
       0
       0
       0
       0
       0
       1
       1
       0
       1
       0
       0
       0
       1
       0
       1
       0
       2
       0
       0
       0
       0
       0
       0
       0
       1
       0
       1
       0
       1
       1
       0
       0
       0
       0
       0
       0
       0
       0
       0
       1
       1
       0
       0
       0
       0
       0
       0
       1
       0
       0
       0
       0
       1
       1
       0
       0
       1
       1
       0
       0
       1
       0
       0
       0
       1
       0
       0
       0
       0
       0
       0
       1
       0
       0
       0
       0
       0
       0
       0
       0
       0
       1
       0
       0
       0
       0
       1
       0
       0
       0
       0
       0
       0
       0
       0
       0
       0
       0
       0
       0
       0
       0
       1
       1
       0
       0
       0
       0
       1
       0
       0
       0
       0
       0
       0
       0
       0
       1
       2
       0
       0
       1
       0
       1
       0
       0
       0
       0
       0
       0
       0
       0
       0
       0
       0
       0
       1
       0
       0
       0
       0
       0
       0
       0
       0
       0
       0
       0
       1
       1
       0
       1
       0
       0
       0
       0
       1
       0
       1
       0
       1
       2
       1
       0
       0
       0
       0
       0
       0
       0
       0
       0
       1
       0
       0
       0
       1
       0
       0
       1
       0
       0
       0
       0
       0
       0
       0
       1
       0
       0
       0
       0
       0
       0
       0
       0
       0
       0
       0
       0
       0
       0
       0
       0
       0
       0
       0
       0
       0
       0
       0
       0
       0
       1
       0
       0
       0
       0
       0
       0
       0
       0
       0
       0
       0
       0
       0
       0
       0
       0
       0
       0
       1
       0
       0
       1
       0
       0
       1
       0
       0
       0
       0
       0
       0
       0
       0
       0
       0
       0
       0
       0
       0
       0
       2
       0
       0
       0
       0
       0
       1
       0
       0
       0
       0
       1
       0
       1
       0
       0
       0
       0
       0
       0
       0
       0
       1
       0
       0
       0
       1
       1
       0
       0
       0
       0
       0
       1
       0
       0
       1
       0
       1
       0
       0
       1
       0
       0
       0
       0
       0
       0
       0
       0
       0
       0
       0
       0
       1
       3
       1
       0
       0
       0
       0
       0
       0
       1
       0
       0
       0
       0
       0
       0
       1
       0
       0
       0
       0
       0
       0
       1
       0
       0
       0
       0
       0
       1
       0
       0
       1
       0
       0
       0
       1
       0
       0
       0
       0
       0
       0
       0
       0
       0
       1
       0
       0
       0
       0
       0
       0
       0
       0
       0
       0
       0
       0
       0
       0
       0
       0
       0
       0
       0
       0
       0
       0
       0
       0
       0
       0
       0
       0
       0
       0
       0
       0
       0
       0
       0
       0
       0
       0
       0
       0
       0
       0
       0
       1
       1
       0
       0
       0
       0
       0
       0
       0
       0
       0
       0
       0
       0
       0
       0
       0
       0
       0
       0
       0
       0
       0
       0
       1
       0
       0
       0
       1
       0
       0
       0
       0
       0
       0
       0
       0
       1
       0
       0
       0
       0
       0
       0
       0
       0
       0
       0
       0
       0
       0
       0
       0
       0
       0
       0
       1
       0
       0
       0
       0
       0
       0
       0
       0
       0
       0
       0
       0
       0
       0
       0
       0
       0
       0
       0
       0
       0
       1
       0
       0
       0
       0
       0
       0
       0
       0
       0
       0
       0
       0
       0
       0
       0
       0
       0
       0
       0
       0
       0
       0
       0
       0
       0
       0
       0
       0
       0
       0
       0
       0
       0
       0
       0
       0
       0
       0
       0
       0
       0
       0
       0
       0
       0
       0
       0
       0
       0
       0
       0
       0
       0
       0
       0
       0
       0
       0
       0
       0
       0
       0
       0
       0
       0
       0
       0
       0
       0
       0
       0
       0
       0
       0
       0
       0
       0
       0
       0
       0
       0
       0
       0
       0
       0
       0
       0
       0
       0
       0
       0
       0
       0
       0
       0
       0
       0
       0
       0
       0
       0
       0
$ROI:
0
$PRESETS:
Real Time
300
0
$ENER_FIT:
0.000000 0.000000
$MCA_CAL:
3
0.000000E+000 0.000000E+000 0.000000E+000 
$SHAPE_CAL:
3
0.000000E+000 0.000000E+000 0.000000E+000
