65
67
61
70
69
74
79
79
109
117
156
177
209
220
226
229
255
226
200
167
163
150
125
116
99
95
66
69
60
54
50
51
47
44
32
36
35
39
39
30
35
23
44
26
22
26
31
24
20
20
17
23
15
21
20
18
12
13
13
10
14
7
8
16
20
11
5
13
12
25
13
12
19
16
12
25
22
18
32
32
37
20
30
24
33
38
38
30
43
34
47
49
47
51
62
73
60
68
77
78
76
80
93
98
106
85
104
117
119
137
131
125
119
140
148
151
153
152
157
161
200
200
190
188
186
229
205
214
210
216
202
249
245
266
243
231
252
287
311
302
271
280
297
282
276
258
291
310
302
298
298
314
316
323
332
324
338
321
332
364
341
334
332
346
367
351
366
330
344
379
355
318
374
349
365
375
367
374
361
413
355
357
344
370
408
425
378
410
370
359
396
386
367
354
426
404
379
383
398
396
390
414
389
372
431
398
441
444
406
388
448
410
448
473
425
435
410
416
426
406
447
440
439
445
446
437
398
432
460
476
444
427
459
468
453
453
472
448
487
459
463
486
487
482
490
475
467
500
455
472
469
512
497
527
485
515
539
560
531
517
511
531
547
532
516
522
548
550
548
521
497
547
508
513
543
530
569
532
546
559
520
564
531
545
513
556
546
512
573
546
514
508
544
576
551
517
522
596
558
555
498
557
563
560
511
531
519
534
546
552
606
545
531
536
593
566
548
560
557
506
535
564
533
533
516
567
540
512
560
526
511
526
551
557
554
529
537
531
500
525
511
615
602
551
531
527
505
549
566
513
624
562
552
552
591
573
579
611
571
578
561
560
600
591
588
593
582
581
534
569
580
600
558
616
586
595
571
556
592
561
642
539
605
546
573
575
564
586
569
581
607
575
550
573
640
580
621
603
605
548
612
557
616
584
602
595
581
589
612
588
596
604
601
591
579
590
612
606
610
542
507
582
578
573
551
601
633
604
600
587
630
528
553
616
590
574
621
593
610
581
542
558
557
612
529
592
610
598
617
563
551
583
602
613
617
552
573
568
585
539
575
602
561
589
580
594
553
563
561
606
551
582
571
556
542
660
575
606
545
571
523
587
614
592
627
590
584
558
574
569
578
582
569
566
575
604
574
582
553
605
577
589
603
554
576
609
569
581
578
568
563
572
585
601
548
581
566
627
636
573
566
610
606
579
597
598
591
564
563
561
541
580
590
559
571
599
589
590
594
570
587
597
625
587
582
595
584
583
609
616
608
637
612
623
629
652
611
615
597
572
609
632
615
637
618
648
598
618
602
606
644
568
617
623
613
630
688
582
613
650
627
621
652
680
639
586
647
629
669
601
623
659
640
636
649
642
618
661
650
668
658
678
653
664
658
635
633
622
607
665
611
607
628
669
640
617
600
649
668
663
625
664
587
671
631
643
666
621
656
632
643
656
626
633
608
635
582
634
645
652
618
659
644
613
572
590
670
638
605
661
653
625
606
617
608
606
622
597
587
610
631
574
649
606
612
631
623
598
568
610
570
624
614
564
635
595
582
581
650
615
553
593
625
593
595
539
552
561
596
576
596
601
618
583
563
550
540
563
573
587
538
573
583
568
593
518
589
586
588
559
566
558
591
537
554
585
537
566
513
527
574
554
598
531
535
594
584
552
514
556
539
551
525
517
579
524
540
519
526
552
549
577
514
543
566
562
504
583
525
512
502
560
515
568
528
544
541
508
524
544
546
509
556
498
510
541
515
535
524
545
519
560
505
582
498
505
554
541
499
550
506
495
521
487
505
498
527
511
521
519
519
529
508
473
488
502
533
475
493
554
515
469
498
498
503
518
554
522
499
507
483
530
519
478
497
521
513
480
539
481
509
518
489
517
542
488
454
468
521
484
537
507
490
493
505
488
459
515
492
492
543
483
503
500
534
486
525
496
506
467
484
521
477
459
493
493
485
475
548
469
500
488
513
460
508
468
483
501
456
478
518
518
450
507
498
490
486
504
506
467
501
488
482
455
463
475
498
460
467
513
466
476
477
467
442
464
478
478
485
515
473
442
469
470
462
458
438
477
454
442
468
482
478
455
451
433
473
480
468
487
481
461
479
422
450
474
473
473
437
451
457
442
485
503
494
494
423
491
456
506
459
453
481
511
490
464
452
462
437
493
486
433
515
447
463
443
487
464
471
448
466
452
472
498
484
445
464
479
467
484
520
455
459
472
443
501
473
410
512
509
485
470
505
466
454
468
433
473
478
440
418
465
468
455
470
452
485
495
476
473
467
470
508
457
454
479
416
473
453
482
487
427
449
460
480
485
433
480
453
457
497
475
490
472
467
499
487
447
447
467
467
458
475
441
476
443
446
469
450
487
473
498
467
485
449
485
484
481
504
485
468
499
471
475
499
442
482
451
507
497
450
466
467
486
506
471
483
433
418
441
522
479
478
506
477
466
467
490
458
468
510
493
505
496
463
473
479
477
464
492
466
468
445
487
441
481
509
517
471
490
457
463
463
468
484
500
472
450
513
482
505
442
460
478
489
478
456
486
471
456
445
479
419
480
504
464
484
453
460
471
474
494
489
478
493
467
489
458
497
480
474
441
498
494
475
518
470
451
477
492
481
486
503
404
474
463
490
491
449
468
500
468
471
475
525
456
464
509
463
425
428
471
476
475
518
464
483
472
454
508
444
495
500
460
495
497
506
477
480
482
433
499
464
545
476
497
509
481
477
476
495
467
453
469
494
488
518
453
424
445
483
513
458
450
471
460
504
505
485
474
501
498
513
478
487
461
474
480
462
488
482
478
470
504
442
487
461
458
434
480
490
428
460
454
483
443
465
501
505
485
408
412
459
484
466
424
458
436
480
451
435
449
434
412
461
436
426
452
477
436
421
452
451
414
456
453
431
432
402
427
441
419
382
445
435
426
434
404
397
427
392
424
402
411
369
393
394
424
437
381
408
367
393
402
431
400
376
360
372
391
350
354
359
370
355
407
337
363
362
357
368
376
363
354
350
348
365
342
340
322
355
322
325
383
377
347
346
324
346
338
347
307
333
330
339
261
287
314
319
317
329
310
278
266
301
288
321
304
284
300
283
284
270
308
318
285
281
310
274
295
305
277
299
275
293
292
269
261
287
296
262
279
285
274
279
289
287
290
285
272
281
249
269
287
245
269
272
254
315
265
249
250
256
262
265
258
283
260
266
258
259
269
246
270
250
261
236
265
270
252
237
252
266
244
270
210
248
250
253
287
256
243
243
251
249
246
233
242
253
244
247
255
231
240
263
259
253
243
257
218
234
245
251
261
248
236
224
267
243
248
257
257
216
239
235
255
237
246
210
241
240
247
239
268
222
245
236
231
243
257
256
246
230
226
218
230
237
243
239
244
215
234
229
244
233
240
223
268
253
233
241
235
211
229
228
232
225
244
202
248
232
264
248
242
211
240
255
226
246
233
237
243
254
200
250
222
233
235
262
238
277
263
256
237
266
274
224
242
252
257
249
275
241
258
260
247
229
248
274
241
252
251
238
248
247
264
257
266
261
288
297
254
271
293
283
256
263
260
257
258
279
275
269
272
250
300
273
290
298
305
299
263
271
283
314
271
307
284
277
279
298
257
300
286
293
307
308
315
307
314
340
325
295
326
321
285
338
356
329
320
325
303
390
331
381
362
355
375
349
377
380
388
363
343
387
360
364
430
434
439
404
389
423
405
384
468
456
426
443
412
416
438
445
475
434
494
479
461
455
511
523
525
448
549
518
504
563
544
543
580
560
599
561
583
625
655
586
659
648
664
669
677
683
676
655
707
765
694
724
735
806
786
833
861
820
806
827
894
883
899
945
939
879
940
929
1004
961
991
1033
1095
1121
1125
1117
1095
1146
1189
1187
1238
1262
1222
1331
1238
1299
1355
1344
1372
1393
1435
1498
1472
1505
1526
1591
1560
1623
1590
1660
1665
1707
1780
1732
1682
1765
1766
1818
1832
1795
1888
1917
1931
1947
2014
2034
2027
2029
2002
2054
2068
2152
2135
2138
2176
2279
2285
2284
2240
2283
2253
2314
2317
2366
2415
2412
2404
2490
2496
2490
2517
2543
2502
2644
2550
2607
2572
2493
2608
2538
2638
2704
2700
2579
2573
2645
2716
2635
2634
2741
2756
2699
2628
2623
2738
2682
2757
2686
2648
2686
2633
2666
2584
2567
2644
2691
2638
2559
2608
2551
2588
2554
2519
2520
2554
2513
2481
2472
2394
2353
2502
2392
2381
2370
2300
2374
2237
2274
2261
2163
2199
2247
2194
2097
2019
2094
2012
2028
1978
1942
1934
1903
1890
1807
1869
1829
1766
1735
1705
1661
1591
1558
1546
1636
1460
1482
1521
1518
1338
1346
1382
1393
1321
1296
1277
1197
1200
1204
1174
1133
1054
1044
1074
1033
1052
1002
972
891
882
923
854
864
829
798
779
715
739
693
716
664
620
645
555
586
577
567
554
560
499
448
448
493
400
420
414
390
409
382
368
345
369
319
301
284
305
265
269
283
239
235
220
224
199
202
212
209
187
172
166
163
150
156
139
140
128
127
121
120
114
124
94
106
104
85
79
94
81
76
66
68
84
53
71
66
53
58
55
69
52
40
48
59
28
32
50
34
47
32
37
32
28
26
28
28
23
20
20
18
26
22
14
11
22
17
16
17
24
18
15
14
15
7
9
14
22
8
13
15
6
14
14
7
9
9
11
9
11
18
7
15
13
9
13
12
10
7
15
10
16
6
8
11
9
9
6
8
9
9
10
7
13
11
12
8
11
11
9
11
10
10
10
7
9
6
14
9
10
11
10
12
11
7
8
8
6
3
4
4
14
10
9
4
10
16
12
10
8
7
13
8
12
13
11
9
14
4
13
10
8
10
8
11
8
12
5
11
8
3
11
10
8
10
6
10
6
6
14
6
5
3
10
8
9
8
4
5
6
10
10
9
2
8
10
4
5
6
11
11
2
9
7
6
7
12
6
6
2
7
5
8
11
7
4
6
9
6
13
10
8
12
8
7
11
6
2
7
9
5
5
12
6
9
7
6
7
4
8
6
4
7
6
7
7
3
5
2
8
6
4
7
8
3
8
6
6
5
8
12
9
5
6
4
9
5
5
8
10
2
7
8
4
7
5
9
13
9
9
6
11
7
8
4
9
8
8
6
6
12
7
9
8
11
5
9
15
4
9
6
4
7
8
8
10
7
9
11
10
6
10
9
6
4
12
3
8
16
10
6
10
11
7
7
12
5
6
9
6
11
4
9
10
7
8
8
9
5
10
9
5
6
7
8
9
6
12
6
4
9
10
7
7
5
7
8
3
2
7
8
10
6
11
9
8
12
8
7
8
11
6
7
7
11
7
6
5
7
5
11
7
6
14
10
3
6
8
11
3
5
8
6
6
6
10
7
10
10
5
6
8
8
7
7
11
6
6
5
10
3
10
7
5
8
5
9
3
8
12
9
1
8
8
6
10
4
11
5
7
5
3
5
9
3
5
8
7
2
10
3
8
5
4
8
7
8
3
7
7
8
3
7
6
9
7
13
8
10
9
4
8
9
6
7
5
10
6
8
7
11
11
2
5
9
10
12
4
6
9
8
6
8
9
8
5
8
8
4
7
6
8
9
6
7
7
5
12
7
7
10
12
3
8
10
3
6
4
11
8
3
8
5
5
9
5
3
10
7
8
10
9
8
4
7
5
3
8
8
5
5
5
5
6
6
5
12
11
10
10
6
7
9
12
3
12
5
7
8
8
6
12
4
5
6
2
6
6
8
8
4
10
11
7
7
7
5
8
8
2
5
6
4
7
6
9
9
6
4
8
5
2
8
8
9
4
9
6
9
5
5
5
4
5
8
3
4
8
2
9
3
8
8
5
8
3
10
4
7
8
4
11
8
3
7
2
9
5
5
5
10
6
6
6
5
6
7
8
11
5
5
7
7
7
5
8
8
3
4
4
2
7
6
8
4
6
10
3
7
5
8
6
7
7
5
5
7
8
11
6
3
5
6
12
2
6
6
5
2
4
4
5
8
8
5
8
6
6
9
14
5
4
4
3
6
5
8
5
2
8
5
6
7
5
5
3
3
6
5
5
7
7
4
5
6
9
5
4
5
3
4
7
4
8
4
5
9
5
7
1
6
6
6
5
1
1
6
5
7
3
7
4
6
6
7
5
11
8
6
7
5
11
5
3
3
9
6
5
5
3
4
4
3
9
4
6
6
5
6
5
6
4
6
6
6
3
5
4
4
2
3
4
6
2
10
11
4
6
9
3
5
5
5
5
5
4
7
7
8
6
6
6
7
5
9
6
5
5
5
11
8
7
9
7
7
7
7
1
6
3
5
5
3
5
4
7
4
8
5
5
3
5
4
6
4
2
2
4
4
5
10
5
2
5
3
5
3
3
7
2
6
6
4
7
7
2
5
6
4
5
2
6
8
7
7
3
1
7
8
8
5
4
7
7
6
5
6
7
3
8
3
4
7
6
2
4
4
3
6
1
6
5
4
4
7
8
2
3
8
9
4
5
3
10
3
4
5
7
7
4
8
8
4
1
6
3
5
8
3
6
6
5
7
6
5
7
4
6
6
6
1
3
8
9
4
3
2
3
9
3
2
1
6
4
6
2
2
7
3
7
5
8
4
2
5
1
6
2
3
5
7
4
2
5
2
4
8
4
10
6
1
1
8
1
5
6
5
5
5
2
4
3
5
7
8
1
2
6
5
0
6
6
6
4
2
1
7
5
3
5
5
5
3
4
1
3
5
4
2
6
4
8
2
3
4
3
4
9
4
3
2
7
8
7
3
1
5
5
6
3
2
4
3
5
4
7
3
1
6
1
1
3
3
3
3
4
3
4
2
9
3
4
2
4
3
6
3
8
6
1
5
6
4
4
5
4
4
4
2
2
2
4
5
2
1
6
2
1
7
3
0
3
5
3
2
4
4
5
5
1
3
5
3
4
5
3
2
4
4
5
7
1
3
3
4
6
3
5
4
1
1
7
0
5
2
7
1
2
2
2
0
1
4
5
7
3
3
3
6
4
5
0
1
2
2
1
2
9
1
3
6
2
2
5
4
4
3
1
5
2
6
0
1
3
4
4
5
1
2
8
1
2
4
1
3
3
4
4
4
6
2
1
4
4
3
8
4
8
2
0
4
2
3
1
4
3
4
3
2
2
0
5
3
1
0
3
3
1
3
2
0
2
1
5
3
5
3
1
1
5
2
5
3
4
4
4
4
1
7
6
3
10
1
3
2
3
2
5
4
4
4
2
3
3
2
3
2
2
7
5
6
2
2
4
3
7
2
3
3
2
1
4
3
4
4
1
2
5
1
4
3
1
2
4
2
1
2
10
3
5
5
5
4
1
5
3
5
2
2
3
2
1
2
3
4
1
4
1
4
2
3
2
4
6
3
5
2
2
3
7
8
2
4
2
5
5
4
1
2
3
0
4
6
3
5
4
2
5
5
7
1
4
4
7
4
6
5
6
5
7
2
4
6
4
6
8
6
5
8
2
4
2
5
1
5
7
7
6
5
4
7
10
7
5
8
2
5
2
8
7
7
1
8
7
5
3
3
13
2
10
5
8
7
7
7
3
5
3
7
3
7
8
9
11
6
8
5
3
10
3
7
8
7
10
2
4
6
4
12
7
5
5
7
11
7
5
8
10
6
7
9
5
12
8
9
9
3
5
8
6
8
11
11
14
7
12
7
12
6
9
4
6
6
5
6
11
14
3
15
10
4
9
12
8
12
12
12
11
7
13
5
14
6
8
9
18
6
6
9
10
5
4
9
5
11
10
6
9
10
7
10
11
4
10
14
9
10
5
5
8
9
7
15
15
9
6
6
10
8
14
7
8
5
8
9
10
5
6
9
10
10
3
4
5
6
9
9
8
9
6
13
9
7
4
9
11
8
9
7
8
8
6
8
4
5
4
4
1
6
6
6
6
2
7
8
4
1
4
3
10
4
2
4
6
3
2
3
8
6
4
1
4
9
11
7
4
5
4
1
4
6
4
4
1
3
4
2
2
1
1
0
1
3
1
4
2
6
4
6
2
4
5
2
1
3
2
2
0
2
1
0
0
3
4
2
0
2
1
5
1
1
0
5
7
4
2
1
5
3
1
1
3
3
2
0
2
1
2
1
5
1
3
0
5
2
2
2
4
1
3
4
1
2
0
0
1
1
1
0
0
2
1
0
1
1
0
0
2
1
0
0
1
1
0
2
0
1
0
3
2
2
1
1
2
0
2
2
1
2
2
1
0
0
2
5
0
0
1
1
0
2
1
2
0
4
3
3
0
0
1
1
0
1
0
4
0
1
1
0
1
3
0
0
0
1
0
1
2
2
0
0
1
0
1
0
1
1
2
2
0
3
1
0
0
0
0
1
1
1
3
1
1
0
4
1
1
1
2
1
1
2
1
4
1
2
1
3
0
3
1
1
2
3
1
0
3
0
0
0
0
1
0
5
2
2
2
3
3
3
2
2
0
0
2
2
0
0
0
0
0
3
1
1
3
2
1
5
0
0
3
0
0
0
3
2
2
1
0
1
0
0
1
2
0
1
0
2
0
2
3
0
2
3
2
1
1
0
1
2
2
0
1
1
2
1
4
0
2
2
1
0
2
0
1
3
3
1
0
1
2
0
1
0
1
2
1
1
1
0
1
3
5
3
0
0
0
3
2
1
2
2
2
0
0
1
0
1
2
1
0
3
2
1
1
1
1
2
1
1
2
0
2
1
0
2
2
1
2
1
0
1
1
1
2
0
0
1
1
1
1
2
3
0
1
1
1
0
1
1
3
1
3
1
2
1
2
0
1
2
0
3
1
1
2
2
2
0
2
3
2
1
2
0
1
0
1
0
2
2
1
1
0
2
2
1
1
0
3
4
0
1
3
2
0
1
2
2
2
0
3
0
0
1
3
0
4
1
0
1
1
0
0
0
0
0
0
4
1
0
1
0
2
1
2
2
3
1
1
3
0
3
0
2
1
2
0
3
1
2
0
2
1
3
2
2
0
1
4
2
3
2
2
3
0
1
2
0
1
1
3
1
3
2
0
0
2
2
2
1
2
1
2
0
1
1
1
1
2
2
1
2
3
3
0
0
1
1
0
0
1
1
0
3
3
3
0
0
1
2
0
0
1
1
2
0
0
1
0
0
0
0
1
0
0
2
2
1
1
0
2
0
0
2
1
0
0
0
1
3
2
2
0
0
1
0
1
1
1
0
1
0
0
0
1
1
1
0
1
0
1
0
0
0
3
1
2
0
2
1
0
1
0
0
0
1
2
2
2
0
2
0
0
0
0
2
1
0
0
0
3
2
1
0
0
0
0
0
2
0
0
1
1
0
3
0
2
1
3
1
1
1
0
1
1
0
0
1
0
0
1
1
2
0
0
1
1
0
1
3
0
1
1
0
0
1
2
0
0
1
1
0
